Rk,Player,Nation,Pos,Squad,Age,Born,90s,GA,PKA,FK,CK,OG,PSxG,PSxG/SoT,PSxG+/-,/90,Cmp,Att,Cmp%,Att,Thr,Launch%,AvgLen,Att,Launch%,AvgLen,Opp,Stp,Stp%,#OPA,#OPA/90,AvgDist,Matches
1,Alisson\Alisson,br BRA,GK,Liverpool,25,1992,38.0,0.58,0.00,0.00,0.13,0.00,0.71,0.28,0.13,+0.13,5.16,10.4,49.7,27.7,5.18,27.0,32.4,5.47,52.4,46.3,7.32,0.58,7.9,0.97,0.97,0.44,Matches
2,Kepa Arrizabalaga\Kepa-Arrizabalaga,es ESP,GK,Chelsea,23,1994,36.0,1.08,0.03,0.00,0.17,0.00,1.04,0.31,-0.04,-0.04,4.86,8.69,55.9,24.7,4.56,22.4,29.0,6.89,46.0,41.4,6.94,0.53,7.6,0.64,0.64,0.44,Matches
3,Asmir Begović\Asmir-Begovic,ba BIH,GK,Bournemouth,31,1987,24.0,1.96,0.08,0.00,0.25,0.08,1.51,0.35,-0.36,-0.36,5.67,13.8,41.0,19.2,5.00,45.1,40.0,7.17,72.1,56.1,9.42,0.83,8.8,0.42,0.42,0.57,Matches
4,Marcus Bettinelli\Marcus-Bettinelli,eng ENG,GK,Fulham,26,1992,7.0,2.86,0.14,0.00,0.14,0.00,2.41,0.40,-0.44,-0.44,8.57,20.1,42.6,24.7,4.00,50.9,42.2,9.14,82.8,59.0,10.3,1.00,9.7,0.57,0.57,2.10,Matches
5,Artur Boruc\Artur-Boruc,pl POL,GK,Bournemouth,38,1980,12.0,1.50,0.25,0.17,0.17,0.00,1.41,0.28,-0.09,-0.09,5.33,15.5,34.4,19.7,4.92,45.3,40.9,9.50,69.3,53.7,10.4,0.33,3.2,0.33,0.33,1.13,Matches
6,David Button\David-Button,eng ENG,GK,Brighton,29,1989,4.0,1.25,0.50,0.00,0.00,0.00,1.48,0.28,0.23,+0.22,7.25,21.8,33.3,18.3,2.25,74.0,52.5,8.75,94.3,68.8,8.00,0.25,3.1,0.00,0.00,2.75,Matches
7,Willy Caballero\Willy-Caballero,ar ARG,GK,Chelsea,36,1981,2.0,0.00,0.00,0.00,0.00,0.00,0.20,0.14,0.20,+0.20,7.00,13.0,53.8,23.5,4.50,29.8,31.1,8.00,75.0,48.9,9.00,2.00,22.2,0.00,0.00,4.40,Matches
8,Petr Čech\Petr-Cech,cz CZE,GK,Arsenal,36,1982,6.5,1.38,0.00,0.00,0.15,0.00,1.62,0.30,0.23,+0.24,3.85,14.2,27.2,30.9,5.85,32.3,34.8,6.31,65.9,53.0,10.3,1.23,11.9,0.62,0.62,2.63,Matches
9,Joel Coleman\Joel-Coleman,eng ENG,GK,Huddersfield,22,1995,1.0,1.00,0.00,0.00,0.00,0.00,0.70,0.24,-0.30,-0.28,6.00,30.0,20.0,31.0,0.00,77.4,54.8,6.00,100.0,68.3,10.0,0.00,0.0,0.00,0.00,12.7,Matches
10,Martin Dúbravka\Martin-Dubravka,sk SVK,GK,Newcastle Utd,29,1989,38.0,1.26,0.16,0.05,0.26,0.03,1.33,0.34,0.09,+0.09,7.16,19.0,37.7,22.0,3.79,54.2,43.5,8.32,85.1,62.8,10.7,0.92,8.6,0.61,0.61,0.35,Matches
11,Ederson\Ederson,br BRA,GK,Manchester City,24,1993,38.0,0.61,0.11,0.03,0.13,0.00,0.71,0.32,0.10,+0.10,3.61,7.29,49.5,23.7,4.53,21.5,29.7,4.47,48.8,49.4,4.66,0.45,9.6,0.71,0.71,0.45,Matches
12,Neil Etheridge\Neil-Etheridge,ph PHI,GK,Cardiff City,28,1990,38.0,1.82,0.11,0.03,0.32,0.00,1.82,0.32,0.00,0.00,8.76,29.0,30.2,22.9,1.29,90.4,61.6,8.39,99.4,70.6,7.87,0.58,7.4,1.00,1.00,0.43,Matches
13,Łukasz Fabiański\Lukasz-Fabianski,pl POL,GK,West Ham,33,1985,38.0,1.45,0.11,0.00,0.26,0.03,1.73,0.33,0.31,+0.31,8.32,22.3,37.3,23.7,3.74,62.9,49.4,7.97,92.7,68.7,9.89,0.95,9.6,0.42,0.42,0.36,Matches
14,Fabricio\Fabricio,es ESP,GK,Fulham,30,1987,2.0,2.50,0.00,0.50,0.00,0.00,3.05,0.27,0.55,+0.55,6.50,13.0,50.0,21.0,6.00,42.9,36.8,4.00,100.0,57.1,9.50,0.00,0.0,1.00,1.00,8.20,Matches
15,Fraser Forster\Fraser-Forster,eng ENG,GK,Southampton,30,1988,1.0,3.00,0.00,0.00,0.00,0.00,1.90,0.32,-1.10,-1.08,5.00,18.0,27.8,16.0,4.00,68.8,47.9,7.00,100.0,74.3,4.00,0.00,0.0,0.00,0.00,10.0,Matches
16,Ben Foster\Ben-Foster,eng ENG,GK,Watford,35,1983,38.0,1.55,0.11,0.05,0.18,0.08,1.50,0.32,0.02,+0.02,9.47,25.6,37.0,24.8,2.61,73.8,52.5,7.89,92.7,68.8,9.84,0.92,9.4,1.11,1.11,0.42,Matches
17,Paulo Gazzaniga\Paulo-Gazzaniga,ar ARG,GK,Tottenham,26,1992,3.0,0.67,0.00,0.00,0.00,0.00,1.37,0.31,0.70,+0.70,5.33,16.0,33.3,26.7,4.00,35.0,34.7,8.33,80.0,59.9,11.7,0.67,5.7,0.33,0.33,4.90,Matches
18,David de Gea\David-de-Gea,es ESP,GK,Manchester Utd,27,1990,38.0,1.42,0.16,0.05,0.18,0.08,1.37,0.28,0.02,+0.02,8.18,17.6,46.6,19.9,3.76,53.0,43.8,8.71,80.4,60.5,8.16,0.50,6.1,0.34,0.34,0.33,Matches
19,Vicente Guaita\Vicente-Guaita,es ESP,GK,Crystal Palace,31,1987,19.5,1.18,0.05,0.00,0.10,0.05,1.07,0.25,-0.06,-0.06,6.87,21.4,32.1,20.6,4.31,60.6,47.4,9.79,91.6,64.0,10.3,0.87,8.5,0.21,0.21,0.63,Matches
20,Angus Gunn\Angus-Gunn,eng ENG,GK,Southampton,22,1996,12.0,1.50,0.00,0.00,0.33,0.00,1.31,0.32,-0.19,-0.19,6.08,21.4,28.4,17.9,1.25,80.0,55.9,7.67,92.4,67.4,8.58,0.58,6.8,0.67,0.67,1.15,Matches
21,Ben Hamer\Ben-Hamer,eng ENG,GK,Huddersfield,30,1987,6.1,3.44,0.49,0.33,0.33,0.16,2.56,0.35,-0.72,-0.72,9.34,25.4,36.8,24.6,1.64,78.0,53.4,7.21,86.4,62.4,8.85,0.82,9.3,0.33,0.33,2.25,Matches
22,Joe Hart\Joe-Hart,eng ENG,GK,Burnley,31,1987,19.0,2.16,0.05,0.05,0.42,0.05,1.92,0.30,-0.18,-0.19,9.37,25.6,36.6,21.7,2.26,78.9,56.5,8.79,95.8,72.0,10.5,0.58,5.5,0.63,0.63,0.73,Matches
23,Tom Heaton\Tom-Heaton,eng ENG,GK,Burnley,32,1986,19.0,1.42,0.05,0.05,0.11,0.16,1.22,0.27,-0.05,-0.05,9.26,24.9,37.2,21.8,2.37,77.3,55.1,9.05,89.0,66.1,12.1,0.58,4.8,0.74,0.74,0.81,Matches
24,Wayne Hennessey\Wayne-Hennessey,wal WAL,GK,Crystal Palace,31,1987,17.5,1.49,0.17,0.06,0.29,0.00,1.26,0.30,-0.23,-0.23,6.51,19.4,33.6,20.3,3.26,62.8,49.6,7.60,87.2,69.9,10.7,0.57,5.3,0.74,0.74,0.91,Matches
25,Bernd Leno\Bernd-Leno,de GER,GK,Arsenal,26,1992,31.5,1.33,0.22,0.03,0.13,0.06,1.40,0.28,0.13,+0.13,4.06,13.6,29.9,27.9,5.56,33.3,35.5,7.11,60.7,50.2,7.97,0.54,6.8,0.57,0.57,0.47,Matches
26,Hugo Lloris\Hugo-Lloris,fr FRA,GK,Tottenham,31,1986,33.0,1.00,0.09,0.03,0.15,0.09,1.25,0.31,0.34,+0.34,6.82,14.6,46.8,28.4,4.64,37.0,36.0,7.06,57.9,47.1,8.52,0.42,5.0,0.52,0.52,0.45,Matches
27,Jonas Lössl\Jonas-Lossl,dk DEN,GK,Huddersfield,29,1989,30.9,1.75,0.13,0.03,0.19,0.00,1.51,0.32,-0.24,-0.24,9.97,22.6,44.1,28.6,3.11,59.8,45.5,6.93,79.4,60.5,7.06,0.87,12.4,0.68,0.68,0.47,Matches
28,Alex McCarthy\Alex-McCarthy,eng ENG,GK,Southampton,28,1989,25.0,1.76,0.08,0.00,0.16,0.12,1.48,0.31,-0.16,-0.16,5.04,17.4,29.0,18.4,3.08,61.7,48.5,7.08,84.7,64.3,9.92,0.92,9.3,0.44,0.44,0.58,Matches
29,Will Norris\Will-Norris,eng ENG,GK,Wolves,24,1993,0.0,0,0,0,0,0,0.0,,0.0,0.00,0,0,,0,0,,,0,,,0,0,,0,,,Matches
30,Rui Patrício\Rui-Patricio,pt POR,GK,Wolves,30,1988,37.0,1.24,0.08,0.03,0.19,0.08,1.08,0.28,-0.08,-0.08,6.54,15.5,42.3,15.1,2.89,60.9,43.7,7.43,84.0,57.5,8.27,0.54,6.5,0.35,0.35,0.35,Matches
31,Jordan Pickford\Jordan-Pickford,eng ENG,GK,Everton,24,1994,38.0,1.21,0.05,0.05,0.29,0.05,1.27,0.35,0.11,+0.11,7.39,20.1,36.8,25.5,3.95,58.4,48.3,7.42,70.6,60.5,7.42,0.66,8.9,0.92,0.92,0.42,Matches
32,Sergio Rico\Sergio-Rico,es ESP,GK,Fulham,24,1993,29.0,1.93,0.14,0.00,0.28,0.07,1.82,0.31,-0.04,-0.04,8.93,21.4,41.7,21.3,3.14,63.3,46.1,9.41,84.2,60.5,10.6,0.83,7.8,0.38,0.38,0.44,Matches
33,John Ruddy\John-Ruddy,eng ENG,GK,Wolves,31,1986,1.0,0.00,0.00,0.00,0.00,0.00,0.90,0.29,0.90,+0.87,7.00,13.0,53.8,14.0,3.00,50.0,41.8,7.00,85.7,54.6,9.00,1.00,11.1,0.00,0.00,8.00,Matches
34,Mathew Ryan\Mathew-Ryan,au AUS,GK,Brighton,26,1992,34.0,1.62,0.24,0.03,0.18,0.00,1.52,0.32,-0.09,-0.09,9.53,22.7,42.0,20.4,2.94,67.3,48.8,9.56,94.2,64.4,9.47,0.53,5.6,0.21,0.21,0.38,Matches
35,Kasper Schmeichel\Kasper-Schmeichel,dk DEN,GK,Leicester City,31,1986,38.0,1.26,0.13,0.00,0.18,0.00,1.22,0.30,-0.04,-0.04,8.66,18.2,47.5,23.8,2.84,51.3,41.9,8.03,75.1,57.4,8.89,0.89,10.1,0.42,0.42,0.37,Matches
36,Julián Speroni\Julian-Speroni,ar ARG,GK,Crystal Palace,39,1979,1.0,4.00,0.00,0.00,1.00,0.00,3.70,0.41,-0.30,-0.29,13.0,33.0,39.4,23.0,3.00,95.7,57.7,13.0,84.6,57.8,9.00,0.00,0.0,0.00,0.00,10.6,Matches
37,Mark Travers\Mark-Travers,ie IRL,GK,Bournemouth,19,1999,2.0,2.50,0.00,0.00,0.00,0.50,1.55,0.24,-0.45,-0.46,5.50,11.5,47.8,21.5,7.00,37.2,32.7,7.00,50.0,44.0,4.50,0.00,0.0,2.00,2.00,8.70,Matches
38,Michel Vorm\Michel-Vorm,nl NED,GK,Tottenham,34,1983,2.0,2.00,0.00,0.00,1.00,0.00,2.75,0.42,0.75,+0.74,2.50,6.00,41.7,25.5,8.50,15.7,26.2,4.00,50.0,42.3,7.50,0.50,6.7,0.50,0.50,6.45,Matches