Rk,Player,Nation,Pos,Squad,Age,Born,90s,GA,PKA,FK,CK,OG,PSxG,PSxG/SoT,PSxG+/-,/90,Cmp,Att,Cmp%,Att,Thr,Launch%,AvgLen,Att,Launch%,AvgLen,Opp,Stp,Stp%,#OPA,#OPA/90,AvgDist,Matches
1,Adrián\Adrian,es ESP,GK,West Ham,30,1987,19.0,1.53,0.05,0.05,0.42,0.05,1.39,0.28,-0.08,-0.08,6.21,18.7,33.2,16.3,1.63,77.0,52.8,6.37,96.7,65.0,11.8,0.74,6.3,0.89,0.89,0.77,Matches
2,Asmir Begović\Asmir-Begovic,ba BIH,GK,Bournemouth,30,1987,38.0,1.61,0.05,0.05,0.21,0.00,1.44,0.32,-0.17,-0.17,4.68,13.8,34.0,18.2,4.50,50.1,41.9,5.21,88.9,62.8,11.4,0.89,7.8,0.29,0.29,0.35,Matches
3,Claudio Bravo\Claudio-Bravo,cl CHI,GK,Manchester City,34,1983,2.5,0.40,0.00,0.00,0.00,0.00,0.56,0.29,0.16,+0.17,0.80,2.80,28.6,19.6,3.20,8.2,25.8,1.60,75.0,52.8,5.60,0.00,0.0,1.20,1.20,7.56,Matches
4,Jack Butland\Jack-Butland,eng ENG,GK,Stoke City,24,1993,35.0,1.74,0.14,0.00,0.29,0.06,1.64,0.28,-0.05,-0.05,8.86,22.7,39.0,22.7,2.06,74.4,54.2,6.26,93.2,69.3,12.4,0.97,7.9,0.71,0.71,0.43,Matches
5,Willy Caballero\Willy-Caballero,ar ARG,GK,Chelsea,35,1981,3.0,1.33,0.00,0.00,0.00,0.00,1.10,0.33,-0.23,-0.24,3.67,10.7,34.4,24.7,3.00,33.8,32.2,3.00,77.8,55.2,7.67,0.33,4.3,0.67,0.67,6.17,Matches
6,Petr Čech\Petr-Cech,cz CZE,GK,Arsenal,35,1982,33.8,1.42,0.15,0.00,0.24,0.00,1.42,0.34,0.00,0.00,3.99,10.6,37.6,20.7,4.85,39.5,37.9,3.22,76.1,58.3,9.41,1.15,12.3,0.83,0.83,0.47,Matches
7,Thibaut Courtois\Thibaut-Courtois,be BEL,GK,Chelsea,25,1992,35.0,0.97,0.06,0.00,0.03,0.06,0.89,0.30,-0.02,-0.02,3.94,11.1,35.6,24.1,4.51,34.2,36.3,4.34,65.1,56.8,9.09,1.11,12.3,0.51,0.51,0.43,Matches
8,Karl Darlow\Karl-Darlow,eng ENG,GK,Newcastle Utd,26,1990,10.0,1.50,0.30,0.00,0.00,0.20,1.58,0.31,0.28,+0.28,6.50,19.7,33.0,21.5,2.60,64.2,48.3,6.60,89.4,63.9,10.7,1.30,12.1,0.60,0.60,1.44,Matches
9,Martin Dúbravka\Martin-Dubravka,sk SVK,GK,Newcastle Utd,28,1989,12.0,0.92,0.00,0.00,0.00,0.00,1.16,0.36,0.24,+0.24,3.67,14.5,25.3,18.3,2.08,52.3,43.1,5.33,92.2,67.3,10.4,1.33,12.8,0.92,0.92,1.32,Matches
10,Ederson\Ederson,br BRA,GK,Manchester City,23,1993,35.5,0.73,0.00,0.03,0.03,0.03,0.64,0.28,-0.07,-0.07,3.15,5.83,54.1,23.9,3.52,18.8,27.9,2.11,62.7,54.7,5.01,0.70,14.0,1.32,1.32,0.54,Matches
11,Rob Elliot\Rob-Elliot,ie IRL,GK,Newcastle Utd,31,1986,16.0,1.31,0.06,0.00,0.19,0.06,1.24,0.30,-0.01,-0.01,8.25,19.8,41.6,20.6,2.44,67.8,49.2,6.88,85.5,60.8,12.1,1.13,9.3,0.44,0.44,0.86,Matches
12,Łukasz Fabiański\Lukasz-Fabianski,pl POL,GK,Swansea City,32,1985,38.0,1.47,0.08,0.03,0.18,0.05,1.54,0.29,0.12,+0.12,6.61,17.4,37.9,20.6,2.68,56.8,46.3,6.21,92.4,67.2,11.7,1.08,9.2,0.37,0.37,0.36,Matches
13,Fraser Forster\Fraser-Forster,eng ENG,GK,Southampton,29,1988,20.0,1.50,0.00,0.05,0.15,0.05,1.37,0.28,-0.08,-0.08,4.30,15.1,28.6,15.8,2.60,63.1,49.6,5.75,87.8,66.1,9.45,0.60,6.3,0.35,0.35,0.65,Matches
14,Ben Foster\Ben-Foster,eng ENG,GK,West Brom,34,1983,37.0,1.49,0.03,0.08,0.19,0.03,1.35,0.33,-0.11,-0.11,7.22,19.2,37.6,18.1,1.38,75.2,53.9,5.76,97.2,72.2,12.5,0.76,6.0,0.41,0.41,0.38,Matches
15,Paulo Gazzaniga\Paulo-Gazzaniga,ar ARG,GK,Tottenham,25,1992,1.0,0.00,0.00,0.00,0.00,0.00,0.70,0.22,0.70,+0.65,2.00,7.00,28.6,16.0,2.00,37.5,36.6,3.00,33.3,43.7,7.00,2.00,28.6,0.00,0.00,21.0,Matches
16,David de Gea\David-de-Gea,es ESP,GK,Manchester Utd,26,1990,37.0,0.76,0.03,0.03,0.14,0.05,0.92,0.24,0.21,+0.21,5.24,13.8,38.0,17.9,2.68,52.3,43.0,5.24,84.5,62.7,9.35,0.62,6.6,0.46,0.46,0.36,Matches
17,Heurelho Gomes\Heurelho-Gomes,br BRA,GK,Watford,36,1981,23.6,1.69,0.13,0.04,0.17,0.04,1.45,0.33,-0.20,-0.20,6.61,16.7,39.7,20.1,3.77,62.4,47.4,4.58,89.8,67.5,10.7,1.14,10.7,0.59,0.59,0.64,Matches
18,Lee Grant\Lee-Grant,eng ENG,GK,Stoke City,34,1983,3.0,2.33,0.00,0.00,0.33,0.00,1.50,0.32,-0.83,-0.83,7.67,16.3,46.9,19.7,3.67,64.4,49.0,4.00,91.7,69.4,7.67,0.67,8.7,1.00,1.00,6.57,Matches
19,Ben Hamer\Ben-Hamer,eng ENG,GK,Leicester City,29,1987,3.1,2.26,0.32,0.00,0.00,0.00,1.52,0.30,-0.74,-0.76,4.52,11.3,40.0,18.1,4.19,46.4,42.3,3.23,90.0,64.7,9.03,0.32,3.6,0.00,0.00,4.90,Matches
20,Joe Hart\Joe-Hart,eng ENG,GK,West Ham,30,1987,19.0,2.05,0.21,0.00,0.16,0.00,1.87,0.37,-0.18,-0.18,7.79,20.3,38.3,20.3,2.00,73.8,54.3,5.42,98.1,73.2,10.4,0.89,8.6,0.42,0.42,0.75,Matches
21,Tom Heaton\Tom-Heaton,eng ENG,GK,Burnley,31,1986,3.4,1.18,0.00,0.00,0.59,0.00,1.26,0.33,0.09,+0.09,6.76,18.5,36.5,20.6,5.29,65.7,53.8,6.47,77.3,65.3,8.82,0.59,6.7,0.00,0.00,3.29,Matches
22,Wayne Hennessey\Wayne-Hennessey,wal WAL,GK,Crystal Palace,30,1987,27.0,1.52,0.04,0.04,0.26,0.07,1.46,0.31,0.01,+0.01,7.15,18.8,38.0,17.9,2.78,71.2,54.1,6.41,95.4,75.2,11.4,0.93,8.1,0.52,0.52,0.51,Matches
23,Eldin Jakupović\Eldin-Jakupovic,ch SUI,GK,Leicester City,32,1984,2.0,3.00,0.00,0.00,0.00,0.50,2.50,0.43,0.00,0.00,5.00,13.0,38.5,16.5,3.50,60.6,53.6,3.50,85.7,66.4,9.50,0.50,5.3,2.00,2.00,7.80,Matches
24,Loris Karius\Loris-Karius,de GER,GK,Liverpool,24,1993,19.0,0.74,0.11,0.00,0.16,0.00,0.80,0.31,0.06,+0.06,3.32,10.8,30.7,25.3,4.58,35.2,35.4,2.79,67.9,53.4,8.47,0.79,9.3,0.63,0.63,0.84,Matches
25,Orestis Karnezis\Orestis-Karnezis,gr GRE,GK,Watford,32,1985,14.4,1.67,0.21,0.00,0.14,0.00,1.49,0.37,-0.18,-0.18,6.46,18.1,35.6,18.5,1.46,80.9,55.1,3.26,95.7,64.1,9.65,0.76,7.9,0.35,0.35,0.97,Matches
26,Hugo Lloris\Hugo-Lloris,fr FRA,GK,Tottenham,30,1986,36.0,0.97,0.06,0.03,0.22,0.00,1.01,0.29,0.03,+0.03,4.03,9.42,42.8,23.2,4.00,31.9,34.8,3.36,60.3,48.9,8.61,0.72,8.4,0.94,0.94,0.46,Matches
27,Jonas Lössl\Jonas-Lossl,dk DEN,GK,Huddersfield,28,1989,38.0,1.50,0.11,0.00,0.16,0.03,1.48,0.34,-0.02,-0.02,8.58,20.9,41.1,25.2,2.08,62.6,48.8,5.71,89.9,67.4,9.03,0.71,7.9,1.13,1.13,0.46,Matches
28,Alex McCarthy\Alex-McCarthy,eng ENG,GK,Southampton,27,1989,18.0,1.44,0.06,0.00,0.22,0.00,1.27,0.35,-0.18,-0.18,4.61,15.1,30.5,13.6,2.17,67.3,50.4,6.11,97.3,68.8,11.5,1.33,11.6,0.22,0.22,0.70,Matches
29,Simon Mignolet\Simon-Mignolet,be BEL,GK,Liverpool,29,1988,19.0,1.26,0.11,0.00,0.16,0.00,1.09,0.33,-0.17,-0.17,2.95,10.0,29.5,24.2,4.37,35.4,34.6,3.11,45.8,44.3,7.79,0.63,8.1,0.68,0.68,0.81,Matches
30,Boaz Myhill\Boaz-Myhill,wal WAL,GK,West Brom,34,1982,1.0,1.00,0.00,0.00,0.00,0.00,1.30,0.43,0.30,+0.28,6.00,12.0,50.0,10.0,0.00,80.0,49.9,5.00,80.0,53.4,15.0,2.00,13.3,0.00,0.00,6.00,Matches
31,David Ospina\David-Ospina,co COL,GK,Arsenal,28,1988,4.2,0.71,0.00,0.00,0.24,0.00,0.90,0.27,0.19,+0.20,4.05,8.33,48.6,20.5,2.62,27.9,33.0,3.33,78.6,53.8,12.6,0.48,3.8,0.71,0.71,2.81,Matches
32,Jordan Pickford\Jordan-Pickford,eng ENG,GK,Everton,23,1994,38.0,1.53,0.08,0.00,0.18,0.00,1.52,0.31,-0.01,-0.01,7.50,21.9,34.2,23.3,3.39,67.4,53.7,6.76,92.6,74.0,10.9,0.79,7.3,0.74,0.74,0.40,Matches
33,Nick Pope\Nick-Pope,eng ENG,GK,Burnley,25,1992,34.6,1.01,0.09,0.00,0.09,0.03,1.29,0.28,0.31,+0.31,8.53,25.1,34.0,22.9,2.60,80.8,59.0,6.88,96.2,74.9,12.8,1.50,11.8,0.58,0.58,0.44,Matches
34,Sergio Romero\Sergio-Romero,ar ARG,GK,Manchester Utd,30,1987,1.0,0.00,0.00,0.00,0.00,0.00,1.10,0.29,1.10,+1.15,9.00,13.0,69.2,12.0,2.00,66.7,43.8,6.00,83.3,60.7,9.00,1.00,11.1,0.00,0.00,13.0,Matches
35,Mathew Ryan\Mathew-Ryan,au AUS,GK,Brighton,25,1992,38.0,1.42,0.03,0.03,0.39,0.11,1.43,0.31,0.11,+0.11,7.92,19.8,40.0,18.3,2.39,71.3,49.1,6.95,97.0,65.4,10.9,0.63,5.8,0.29,0.29,0.33,Matches
36,Kasper Schmeichel\Kasper-Schmeichel,dk DEN,GK,Leicester City,30,1986,32.9,1.43,0.03,0.09,0.30,0.03,1.19,0.28,-0.20,-0.20,7.84,21.1,37.2,22.5,2.40,66.4,49.9,6.38,96.7,72.2,10.3,0.94,9.2,0.85,0.85,0.48,Matches
37,Julián Speroni\Julian-Speroni,ar ARG,GK,Crystal Palace,38,1979,11.0,1.27,0.09,0.00,0.36,0.00,0.99,0.25,-0.28,-0.28,5.27,16.4,32.2,16.2,1.36,71.3,50.0,4.91,98.1,62.0,12.7,0.73,5.7,0.45,0.45,1.09,Matches
38,Michel Vorm\Michel-Vorm,nl NED,GK,Tottenham,33,1983,1.0,1.00,0.00,0.00,0.00,1.00,0.20,0.04,0.20,+0.17,4.00,7.00,57.1,19.0,7.00,26.3,29.3,9.00,22.2,34.1,12.0,0.00,0.0,1.00,1.00,20.5,Matches