Player,Nation,Pos,Age,90s,Att,Live,Dead,FK,TB,Press,Sw,Crs,CK,In,Out,Str,Ground,Low,High,Left,Right,Head,TI,Other,Cmp,Off,Out,Int,Blocks,Matches
Mason Mount\Mason-Mount,eng ENG,MFFW,22-057,23.6,58.6,51.9,6.74,0.89,0.25,6.74,2.75,1.74,4.41,1.27,2.12,0.21,44.0,6.44,8.22,6.74,49.4,1.27,0.47,0.25,48.6,0.21,0.51,1.14,2.29,Matches
Edouard Mendy\Edouard-Mendy,sn SEN,GK,29-007,22.0,33.7,26.6,7.05,1.14,0.00,2.14,0.91,0.00,0.00,0.00,0.00,0.00,22.8,1.00,9.91,1.73,27.7,0.00,0.00,3.77,28.5,0.05,0.68,0.14,0.00,Matches
Timo Werner\Timo-Werner,de GER,FW,25-002,21.5,30.8,30.0,0.88,0.05,0.09,4.23,0.51,1.72,0.05,0.00,0.00,0.00,24.2,3.91,2.74,5.35,23.8,1.16,0.19,0.05,23.7,0.09,0.42,0.88,1.77,Matches
N'Golo Kanté\NGolo-Kante,fr FRA,MF,29-344,20.0,63.5,62.6,0.90,0.75,0.00,7.60,1.90,0.35,0.00,0.00,0.00,0.00,48.6,7.45,7.45,8.40,51.9,2.35,0.15,0.20,55.1,0.10,0.75,1.30,1.15,Matches
Ben Chilwell\Ben-Chilwell,eng ENG,DF,24-077,18.5,75.6,63.9,11.7,1.78,0.00,6.92,1.89,4.00,1.30,0.81,0.38,0.00,46.6,12.3,16.8,56.5,6.54,2.81,8.59,0.05,59.7,0.16,1.35,1.08,2.54,Matches
Reece James\Reece-James,eng ENG,DF,21-090,17.9,75.6,66.9,8.66,0.95,0.06,7.09,2.68,4.41,0.56,0.11,0.28,0.06,49.9,13.9,11.7,6.59,58.9,1.90,7.15,0.28,63.3,0.22,0.95,1.06,1.96,Matches
Thiago Silva\Thiago-Silva,br BRA,DF,36-167,16.2,89.2,87.3,1.91,1.73,0.12,4.38,2.72,0.06,0.00,0.00,0.00,0.00,73.3,6.48,9.38,9.81,74.9,2.90,0.19,0.43,83.5,0.19,0.49,0.49,0.43,Matches
Mateo Kovačić\Mateo-Kovacic,hr CRO,MF,26-306,16.0,83.0,81.7,1.31,1.19,0.19,6.88,2.69,0.38,0.00,0.00,0.00,0.00,70.1,6.31,6.63,3.19,78.4,0.88,0.06,0.19,76.1,0.19,0.75,1.00,0.88,Matches
Kurt Zouma\Kurt-Zouma,fr FRA,DF,26-132,16.0,75.5,74.1,1.38,1.19,0.00,6.19,3.44,0.00,0.00,0.00,0.00,0.00,59.8,5.88,9.88,13.1,56.1,3.13,0.19,0.19,68.6,0.06,0.88,0.44,0.25,Matches
César Azpilicueta\Cesar-Azpilicueta,es ESP,DF,31-192,15.6,85.6,77.8,7.82,1.41,0.13,4.68,0.58,1.03,0.00,0.00,0.00,0.00,62.1,11.9,11.7,7.12,66.5,3.72,6.41,0.38,74.3,0.13,1.15,1.15,1.47,Matches
Jorginho\Jorginho,it ITA,MF,29-078,14.0,77.1,75.9,1.21,1.21,0.07,6.86,1.43,0.00,0.00,0.00,0.00,0.00,60.7,6.64,9.79,5.64,68.4,2.36,0.00,0.14,68.7,0.07,0.86,1.21,0.64,Matches
Antonio Rüdiger\Antonio-Rudiger,de GER,DF,28-005,12.0,78.7,77.2,1.50,1.50,0.00,4.83,1.50,0.08,0.00,0.00,0.00,0.00,66.9,3.83,7.92,19.6,56.4,1.17,0.00,0.00,72.2,0.00,0.83,0.25,0.42,Matches
Tammy Abraham\Tammy-Abraham,eng ENG,FW,23-157,11.3,18.9,18.1,0.88,0.18,0.00,6.55,0.09,0.27,0.00,0.00,0.00,0.00,11.9,4.78,2.21,1.50,12.9,1.42,0.00,1.06,13.0,0.00,0.35,0.27,1.15,Matches
Kai Havertz\Kai-Havertz,de GER,MFFW,21-270,11.0,49.5,48.4,1.18,0.18,0.09,9.91,0.73,1.00,0.09,0.00,0.00,0.00,41.0,5.36,3.18,36.5,9.91,1.27,0.73,0.18,42.1,0.18,0.64,1.27,2.00,Matches
Hakim Ziyech\Hakim-Ziyech,ma MAR,FWMF,27-354,8.7,60.8,56.4,4.37,1.49,0.34,6.90,3.56,3.33,2.18,0.46,1.38,0.11,43.9,5.86,11.0,52.1,6.67,0.69,0.69,0.57,45.2,0.46,1.49,1.03,1.61,Matches
Christian Pulisic\Christian-Pulisic,us USA,FWMF,22-171,11.2,34.6,33.9,0.71,0.18,0.09,6.88,0.63,1.88,0.09,0.00,0.09,0.00,25.9,3.93,4.82,4.91,27.2,1.25,0.36,0.18,26.5,0.00,1.16,0.45,1.34,Matches
Andreas Christensen\Andreas-Christensen,dk DEN,DF,24-332,9.1,72.7,71.5,1.21,0.99,0.00,3.85,1.10,0.00,0.00,0.00,0.00,0.00,61.4,4.18,7.14,4.95,63.8,2.53,0.11,0.22,67.7,0.22,0.44,0.33,0.33,Matches
Callum Hudson-Odoi\Callum-Hudson-Odoi,eng ENG,FWDF,20-121,9.1,54.3,51.9,2.42,0.22,0.11,5.71,2.86,3.96,0.44,0.11,0.22,0.00,40.3,5.71,8.24,6.59,44.8,0.66,1.76,0.22,44.1,0.11,1.65,0.44,2.31,Matches
Olivier Giroud\Olivier-Giroud,fr FRA,FW,34-159,7.9,25.2,24.4,0.76,0.00,0.00,6.08,0.13,0.38,0.00,0.00,0.00,0.00,15.9,5.95,3.29,17.1,3.67,1.52,0.25,1.27,19.0,0.00,0.00,1.52,0.89,Matches
Marcos Alonso\Marcos-Alonso,es ESP,DF,30-070,6.8,61.6,53.1,8.53,1.18,0.00,8.68,0.44,0.74,0.29,0.00,0.29,0.00,41.0,11.2,9.41,45.3,5.88,2.06,7.06,0.15,51.2,0.29,0.59,1.03,2.79,Matches
Kepa Arrizabalaga\Kepa-Arrizabalaga,es ESP,GK,26-156,4.0,34.5,25.5,9.00,0.75,0.00,3.75,0.75,0.00,0.00,0.00,0.00,0.00,18.8,1.50,14.3,3.25,25.5,0.00,0.00,5.00,26.5,0.00,1.00,0.25,0.00,Matches
Willy Caballero\Willy-Caballero,ar ARG,GK,39-161,1.0,26.0,19.0,7.00,1.00,0.00,1.00,0.00,0.00,0.00,0.00,0.00,0.00,21.0,2.00,3.00,3.00,21.0,0.00,0.00,2.00,24.0,0.00,0.00,0.00,0.00,Matches
Ruben Loftus-Cheek\Ruben-Loftus-Cheek,eng ENG,FW,25-044,0.7,22.9,22.9,0.00,0.00,0.00,4.29,0.00,0.00,0.00,0.00,0.00,0.00,17.1,2.86,2.86,0.00,20.0,1.43,0.00,0.00,15.7,0.00,0.00,0.00,2.86,Matches
Emerson Palmieri\Emerson-Palmieri,it ITA,DF,26-217,1.0,63.0,52.0,11.0,0.00,0.00,6.00,1.00,1.00,1.00,0.00,1.00,0.00,31.0,18.0,14.0,43.0,4.00,5.00,10.0,0.00,51.0,0.00,1.00,0.00,4.00,Matches
Fikayo Tomori\Fikayo-Tomori,eng ENG,DF,23-079,0.5,58.0,56.0,2.00,2.00,0.00,6.00,2.00,0.00,0.00,0.00,0.00,0.00,50.0,0.00,8.00,4.00,50.0,4.00,0.00,0.00,54.0,0.00,0.00,0.00,0.00,Matches
Ross Barkley\Ross-Barkley,eng ENG,MF,27-093,0.5,52.0,52.0,0.00,0.00,2.00,14.0,2.00,0.00,0.00,0.00,0.00,0.00,36.0,8.00,8.00,8.00,34.0,4.00,0.00,0.00,44.0,0.00,0.00,4.00,0.00,Matches
Billy Gilmour\Billy-Gilmour,sco SCO,MF,19-270,0.4,90.0,90.0,0.00,0.00,0.00,15.0,5.00,2.50,0.00,0.00,0.00,0.00,70.0,7.50,12.5,10.0,77.5,0.00,0.00,0.00,75.0,0.00,0.00,5.00,0.00,Matches
Squad Total,,,26.7,27.0,664.3,620.8,43.5,10.3,0.89,65.4,18.6,13.8,6.19,1.93,2.96,0.26,499.0,72.7,92.6,149.3,460.2,19.2,18.8,6.63,569.0,1.41,8.59,9.07,14.0,
Opponent Total,,,27.0,27.0,433.1,383.8,49.3,12.8,0.67,56.7,12.2,9.96,4.33,1.30,1.52,0.37,277.4,60.7,94.9,120.8,255.3,17.9,22.0,5.93,333.6,1.15,8.41,10.1,12.8,