Player,Nation,Pos,Age,90s,SCA,SCA90,PassLive,PassDead,Drib,Sh,Fld,Def,GCA,GCA90,PassLive,PassDead,Drib,Sh,Fld,Def,OG,Matches
Mason Mount\Mason-Mount,eng ENG,MFFW,22-057,23.6,4.83,4.82,2.58,1.57,0.30,0.17,0.17,0.04,0.42,0.42,0.08,0.17,0.04,0.08,0.04,0.00,0.00,Matches
Edouard Mendy\Edouard-Mendy,sn SEN,GK,29-007,22.0,0.09,0.09,0.05,0.05,0.00,0.00,0.00,0.00,0.00,0.00,0.00,0.00,0.00,0.00,0.00,0.00,0.00,Matches
Timo Werner\Timo-Werner,de GER,FW,25-002,21.5,2.79,2.80,1.81,0.00,0.23,0.33,0.37,0.05,0.65,0.65,0.33,0.00,0.09,0.05,0.14,0.05,0.00,Matches
N'Golo Kanté\NGolo-Kante,fr FRA,MF,29-344,20.0,1.85,1.85,1.65,0.00,0.05,0.05,0.00,0.10,0.05,0.05,0.05,0.00,0.00,0.00,0.00,0.00,0.00,Matches
Ben Chilwell\Ben-Chilwell,eng ENG,DF,24-077,18.5,1.95,1.94,1.19,0.49,0.00,0.11,0.11,0.05,0.32,0.32,0.32,0.00,0.00,0.00,0.00,0.00,0.00,Matches
Reece James\Reece-James,eng ENG,DF,21-090,17.9,2.63,2.63,2.12,0.11,0.11,0.06,0.17,0.06,0.28,0.28,0.17,0.06,0.00,0.00,0.06,0.00,0.00,Matches
Thiago Silva\Thiago-Silva,br BRA,DF,36-167,16.2,0.74,0.74,0.74,0.00,0.00,0.00,0.00,0.00,0.00,0.00,0.00,0.00,0.00,0.00,0.00,0.00,0.00,Matches
Mateo Kovačić\Mateo-Kovacic,hr CRO,MF,26-306,16.0,2.00,2.00,1.81,0.00,0.06,0.00,0.13,0.00,0.19,0.19,0.19,0.00,0.00,0.00,0.00,0.00,0.00,Matches
Kurt Zouma\Kurt-Zouma,fr FRA,DF,26-132,16.0,0.38,0.37,0.31,0.00,0.00,0.06,0.00,0.00,0.00,0.00,0.00,0.00,0.00,0.00,0.00,0.00,0.00,Matches
César Azpilicueta\Cesar-Azpilicueta,es ESP,DF,31-192,15.6,1.73,1.73,1.67,0.00,0.00,0.00,0.00,0.06,0.19,0.19,0.19,0.00,0.00,0.00,0.00,0.00,0.00,Matches
Jorginho\Jorginho,it ITA,MF,29-078,14.0,2.36,2.36,2.14,0.00,0.07,0.00,0.00,0.14,0.21,0.21,0.21,0.00,0.00,0.00,0.00,0.00,0.00,Matches
Antonio Rüdiger\Antonio-Rudiger,de GER,DF,28-005,12.0,0.58,0.58,0.50,0.08,0.00,0.00,0.00,0.00,0.08,0.08,0.08,0.00,0.00,0.00,0.00,0.00,0.00,Matches
Tammy Abraham\Tammy-Abraham,eng ENG,FW,23-157,11.3,1.59,1.59,0.97,0.00,0.09,0.27,0.27,0.00,0.18,0.18,0.09,0.00,0.00,0.00,0.09,0.00,0.00,Matches
Kai Havertz\Kai-Havertz,de GER,MFFW,21-270,11.0,2.82,2.83,2.55,0.00,0.00,0.09,0.18,0.00,0.36,0.37,0.27,0.00,0.00,0.00,0.09,0.00,0.00,Matches
Hakim Ziyech\Hakim-Ziyech,ma MAR,FWMF,27-354,8.7,5.40,5.37,4.14,0.69,0.11,0.34,0.11,0.00,0.69,0.69,0.57,0.11,0.00,0.00,0.00,0.00,0.00,Matches
Christian Pulisic\Christian-Pulisic,us USA,FWMF,22-171,11.2,3.48,3.47,2.32,0.09,0.45,0.18,0.27,0.18,0.45,0.44,0.36,0.00,0.00,0.09,0.00,0.00,0.00,Matches
Andreas Christensen\Andreas-Christensen,dk DEN,DF,24-332,9.1,0.22,0.22,0.22,0.00,0.00,0.00,0.00,0.00,0.11,0.11,0.11,0.00,0.00,0.00,0.00,0.00,0.00,Matches
Callum Hudson-Odoi\Callum-Hudson-Odoi,eng ENG,FWDF,20-121,9.1,4.84,4.81,4.62,0.00,0.22,0.00,0.00,0.00,0.66,0.66,0.55,0.00,0.11,0.00,0.00,0.00,0.00,Matches
Olivier Giroud\Olivier-Giroud,fr FRA,FW,34-159,7.9,1.77,1.78,1.39,0.00,0.00,0.25,0.00,0.13,0.00,0.00,0.00,0.00,0.00,0.00,0.00,0.00,0.00,Matches
Marcos Alonso\Marcos-Alonso,es ESP,DF,30-070,6.8,2.79,2.79,2.21,0.15,0.00,0.29,0.15,0.00,0.15,0.15,0.15,0.00,0.00,0.00,0.00,0.00,0.00,Matches
Kepa Arrizabalaga\Kepa-Arrizabalaga,es ESP,GK,26-156,4.0,0.25,0.25,0.25,0.00,0.00,0.00,0.00,0.00,0.00,0.00,0.00,0.00,0.00,0.00,0.00,0.00,0.00,Matches
Willy Caballero\Willy-Caballero,ar ARG,GK,39-161,1.0,0.00,0.00,0.00,0.00,0.00,0.00,0.00,0.00,0.00,0.00,0.00,0.00,0.00,0.00,0.00,0.00,0.00,Matches
Ruben Loftus-Cheek\Ruben-Loftus-Cheek,eng ENG,FW,25-044,0.7,1.43,1.50,1.43,0.00,0.00,0.00,0.00,0.00,0.00,0.00,0.00,0.00,0.00,0.00,0.00,0.00,0.00,Matches
Emerson Palmieri\Emerson-Palmieri,it ITA,DF,26-217,1.0,0.00,0.00,0.00,0.00,0.00,0.00,0.00,0.00,0.00,0.00,0.00,0.00,0.00,0.00,0.00,0.00,0.00,Matches
Fikayo Tomori\Fikayo-Tomori,eng ENG,DF,23-079,0.5,0.00,0.00,0.00,0.00,0.00,0.00,0.00,0.00,0.00,0.00,0.00,0.00,0.00,0.00,0.00,0.00,0.00,Matches
Ross Barkley\Ross-Barkley,eng ENG,MF,27-093,0.5,6.00,6.43,4.00,0.00,2.00,0.00,0.00,0.00,0.00,0.00,0.00,0.00,0.00,0.00,0.00,0.00,0.00,Matches
Billy Gilmour\Billy-Gilmour,sco SCO,MF,19-270,0.4,2.50,2.50,2.50,0.00,0.00,0.00,0.00,0.00,0.00,0.00,0.00,0.00,0.00,0.00,0.00,0.00,0.00,Matches
Squad Total,,,26.7,27.0,23.4,23.44,17.7,2.15,1.00,1.07,1.07,0.44,2.63,2.63,1.81,0.22,0.15,0.15,0.26,0.04,0.00,
Opponent Total,,,27.0,27.0,13.5,13.48,9.89,1.11,0.67,0.74,0.81,0.26,1.48,1.48,1.00,0.04,0.19,0.11,0.11,0.04,0.00,