Player,Nation,Pos,Age,MP,Min,Mn/MP,Min%,90s,Starts,Mn/Start,Compl,Subs,Mn/Sub,unSub,PPM,onG,onGA,+/-,+/-90,On-Off,onxG,onxGA,xG+/-,xG+/-90,On-Off,Matches
Mason Mount\Mason-Mount,eng ENG,MFFW,22-057,26,2127,82,87.5,23.6,1.02,87,0.85,0.08,14,0.04,1.69,1.57,1.02,0.55,+0.55,-0.64,1.61,0.93,0.68,+0.67,+0.09,Matches
Edouard Mendy\Edouard-Mendy,sn SEN,GK,29-007,22,1980,90,81.5,22.0,1.00,90,1.00,0.00,,0.05,1.77,1.41,0.73,0.68,+0.68,+0.28,1.51,0.72,0.79,+0.79,+0.66,Matches
Timo Werner\Timo-Werner,de GER,FW,25-002,26,1932,74,79.5,21.5,1.02,85,0.65,0.19,18,0.05,1.77,1.86,0.93,0.93,+0.93,+1.47,1.60,0.87,0.73,+0.73,+0.34,Matches
N'Golo Kanté\NGolo-Kante,fr FRA,MF,29-344,23,1802,78,74.2,20.0,1.00,87,0.85,0.15,18,0.05,1.74,1.60,1.10,0.50,+0.50,-0.50,1.51,1.01,0.51,+0.50,-0.62,Matches
Ben Chilwell\Ben-Chilwell,eng ENG,DF,24-077,20,1666,83,68.6,18.5,1.08,83,0.86,0.00,,0.22,1.65,1.51,0.97,0.54,+0.54,-0.28,1.52,0.88,0.65,+0.65,-0.06,Matches
Reece James\Reece-James,eng ENG,DF,21-090,21,1610,77,66.3,17.9,0.95,90,0.95,0.22,20,0.17,1.71,1.45,1.06,0.39,+0.39,-0.71,1.51,0.90,0.61,+0.61,-0.15,Matches
Thiago Silva\Thiago-Silva,br BRA,DF,36-167,17,1457,86,60.0,16.2,1.05,86,0.93,0.00,,0.06,1.65,1.60,0.99,0.62,+0.62,-0.03,1.56,0.83,0.73,+0.73,+0.16,Matches
Mateo Kovačić\Mateo-Kovacic,hr CRO,MF,26-306,22,1440,65,59.3,16.0,1.06,80,0.56,0.31,17,0.13,1.73,1.00,1.06,-0.06,-0.06,-1.70,1.41,0.88,0.53,+0.53,-0.32,Matches
Kurt Zouma\Kurt-Zouma,fr FRA,DF,26-132,16,1440,90,59.3,16.0,1.00,90,1.00,0.00,,0.50,1.56,1.81,1.13,0.69,+0.69,+0.14,1.61,1.08,0.53,+0.53,-0.33,Matches
César Azpilicueta\Cesar-Azpilicueta,es ESP,DF,31-192,17,1401,82,57.7,15.6,0.96,90,0.96,0.13,26,0.64,2.00,1.60,0.58,1.03,+1.03,+0.94,1.47,0.69,0.78,+0.78,+0.28,Matches
Jorginho\Jorginho,it ITA,MF,29-078,18,1257,70,51.7,14.0,1.00,84,0.64,0.29,21,0.64,2.11,1.64,0.64,1.00,+1.00,+0.77,1.51,0.77,0.74,+0.75,+0.17,Matches
Antonio Rüdiger\Antonio-Rudiger,de GER,DF,28-005,12,1080,90,44.4,12.0,1.00,90,1.00,0.00,,0.92,2.08,1.08,0.42,0.67,+0.67,+0.07,1.38,0.54,0.83,+0.83,+0.30,Matches
Tammy Abraham\Tammy-Abraham,eng ENG,FW,23-157,20,1021,51,42.0,11.3,1.06,74,0.62,0.71,16,0.44,1.65,2.04,1.06,0.97,+0.97,+0.59,1.73,0.76,0.97,+0.97,+0.53,Matches
Kai Havertz\Kai-Havertz,de GER,MFFW,21-270,19,986,52,40.6,11.0,1.09,76,0.36,0.64,11,0.18,1.42,2.00,1.09,0.91,+0.91,+0.48,1.62,1.00,0.63,+0.63,-0.06,Matches
Hakim Ziyech\Hakim-Ziyech,ma MAR,FWMF,27-354,14,787,56,32.4,8.7,1.15,72,0.11,0.46,17,0.34,1.71,1.26,0.69,0.57,+0.57,-0.09,1.39,0.82,0.57,+0.57,-0.13,Matches
Christian Pulisic\Christian-Pulisic,us USA,FWMF,22-171,17,1012,60,41.6,11.2,0.80,88,0.54,0.71,28,0.09,1.59,1.25,1.16,0.09,+0.09,-0.93,1.45,1.04,0.41,+0.41,-0.43,Matches
Andreas Christensen\Andreas-Christensen,dk DEN,DF,24-332,10,819,82,33.7,9.1,0.99,85,0.88,0.11,55,0.55,1.90,1.65,0.99,0.66,+0.66,+0.04,1.62,1.10,0.52,+0.52,-0.22,Matches
Callum Hudson-Odoi\Callum-Hudson-Odoi,eng ENG,FWDF,20-121,17,823,48,33.9,9.1,0.88,73,0.22,0.99,26,0.55,1.88,1.76,0.44,1.32,+1.31,+1.03,1.77,0.53,1.24,+1.24,+0.86,Matches
Olivier Giroud\Olivier-Giroud,fr FRA,FW,34-159,14,707,51,29.1,7.9,1.01,73,0.13,0.76,21,1.52,1.86,1.14,0.63,0.51,+0.51,-0.17,1.66,0.81,0.85,+0.85,+0.26,Matches
Marcos Alonso\Marcos-Alonso,es ESP,DF,30-070,8,614,77,25.3,6.8,1.03,84,0.88,0.15,29,0.44,2.13,1.32,1.03,0.29,+0.29,-0.45,1.47,0.97,0.49,+0.49,-0.24,Matches
Kepa Arrizabalaga\Kepa-Arrizabalaga,es ESP,GK,26-156,4,360,90,14.8,4.0,1.00,90,1.00,0.00,,5.00,1.75,2.00,1.50,0.50,+0.50,-0.15,1.55,1.73,-0.17,-0.16,-0.97,Matches
Willy Caballero\Willy-Caballero,ar ARG,GK,39-161,1,90,90,3.7,1.0,1.00,90,1.00,0.00,,6.00,1.00,3.00,3.00,0.00,0.00,-0.65,2.20,1.00,1.30,+1.27,+0.62,Matches
Ruben Loftus-Cheek\Ruben-Loftus-Cheek,eng ENG,FW,25-044,1,60,60,2.5,0.7,1.43,60,0.00,0.00,,0.00,3.00,2.86,1.43,1.43,+1.50,+0.89,1.29,2.00,-0.57,-0.66,-1.36,Matches
Emerson Palmieri\Emerson-Palmieri,it ITA,DF,26-217,2,90,45,3.7,1.0,0.00,,0.00,2.00,45,13.0,3.00,2.00,0.00,2.00,+2.00,+1.42,2.10,0.80,1.30,+1.30,+0.66,Matches
Fikayo Tomori\Fikayo-Tomori,eng ENG,DF,23-079,1,45,45,1.9,0.5,0.00,,0.00,2.00,45,8.00,0.00,0.00,4.00,-4.00,-4.00,-4.72,2.00,3.80,-1.80,-1.86,-2.58,Matches
Ross Barkley\Ross-Barkley,eng ENG,MF,27-093,2,42,21,1.7,0.5,0.00,,0.00,4.00,21,2.00,1.50,2.00,0.00,2.00,+2.14,+1.54,0.60,1.80,-1.20,-1.25,-1.95,Matches
Billy Gilmour\Billy-Gilmour,sco SCO,MF,19-270,2,36,18,1.5,0.4,0.00,,0.00,5.00,18,20.0,0.00,2.50,0.00,2.50,+2.50,+1.90,1.25,0.25,1.00,+0.90,+0.24,Matches
Faustino Anjorin\Faustino-Anjorin,eng ENG,MF,19-105,0,,,,,0,,0,0,,1,,,,,,,,,,,,Matches
Karlo Ziger\Karlo-Ziger,hr CRO,GK,19-301,0,,,,,0,,0,0,,1,,,,,,,,,,,,Matches
Squad Total,,,26.7,27,2430,90,100,27.0,11.0,84,8.22,2.78,21,5.26,1.74,1.56,0.93,0.63,+0.63,,1.54,0.88,0.66,+0.66,,
Opponent Total,,,27.0,27,2430,90,100,27.0,11.0,85,8.26,2.70,19,5.15,1.74,0.93,1.56,-0.63,-0.63,,0.88,1.54,-0.66,-0.66,,