Rk,Player,Nation,Pos,Squad,Age,Born,90s,Cmp,Att,Cmp%,TotDist,PrgDist,Cmp,Att,Cmp%,Cmp,Att,Cmp%,Cmp,Att,Cmp%,Ast,xA,A-xA,KP,1/3,PPA,CrsPA,Prog,Matches
1,Patrick van Aanholt\Patrick-van-Aanholt,nl NED,DF,Crystal Palace,26,1990,24.3,34.8,45.9,75.7,624.8,292.6,14.9,16.9,88.3,15.5,19.4,80.0,3.62,7.53,48.1,0.04,0.06,-0.02,0.70,2.39,1.15,0.29,4.16,Matches
2,Rolando Aarons\Rolando-Aarons,eng ENG,FWMF,Newcastle Utd,21,1995,1.5,18.0,27.3,65.9,272.0,58.7,11.3,14.7,77.3,5.33,7.33,72.7,0.67,2.67,25.0,0.00,0.00,0.00,0.00,0.00,0.67,0.67,0.67,Matches
3,Tammy Abraham\Tammy-Abraham,eng ENG,FWMF,Swansea City,19,1997,19.2,10.8,16.1,67.3,161.1,35.6,6.41,8.28,77.4,3.28,4.95,66.3,0.68,1.46,46.4,0.05,0.04,0.02,0.52,0.99,0.36,0.16,0.99,Matches
4,Charlie Adam\Charlie-Adam,sco SCO,MF,Stoke City,31,1985,4.6,36.7,61.1,60.1,952.6,340.2,6.74,9.78,68.9,17.6,21.1,83.5,12.4,28.3,43.8,0.00,0.28,-0.28,1.52,6.09,1.52,0.87,5.87,Matches
5,Adrián\Adrian,es ESP,GK,West Ham,30,1987,19.0,9.84,22.6,43.5,466.8,356.3,0.47,0.47,100.0,2.16,2.32,93.2,7.21,19.8,36.3,0.00,0.00,0.00,0.00,0.74,0.00,0.00,0.00,Matches
6,Ibrahim Afellay\Ibrahim-Afellay,nl NED,MF,Stoke City,31,1986,1.8,38.9,45.0,86.4,763.3,122.2,15.6,18.3,84.8,16.7,18.9,88.2,6.67,7.78,85.7,0.00,0.00,0.00,0.00,3.89,0.00,0.00,2.22,Matches
7,Benik Afobe\Benik-Afobe,cd COD,FWMF,Bournemouth,24,1993,6.8,15.6,21.3,73.1,186.8,21.0,11.0,14.7,75.0,3.38,4.26,79.3,0.44,0.59,75.0,0.00,0.01,-0.01,0.29,1.03,0.44,0.00,0.88,Matches
8,Sergio Agüero\Sergio-Aguero,ar ARG,FW,Manchester City,29,1988,21.8,24.3,29.7,81.9,310.6,52.7,16.1,18.2,88.9,6.56,8.21,79.9,0.50,0.73,68.8,0.28,0.27,0.00,1.70,0.92,1.24,0.05,1.97,Matches
9,Nathan Aké\Nathan-Ake,nl NED,DF,Bournemouth,22,1995,37.3,35.5,43.3,82.0,746.8,269.0,10.5,12.0,87.2,18.7,21.9,85.5,6.06,8.58,70.6,0.08,0.05,0.03,0.19,2.12,0.08,0.00,1.96,Matches
10,Marc Albrighton\Marc-Albrighton,eng ENG,MFFW,Leicester City,27,1989,28.2,26.5,44.7,59.3,557.8,243.8,10.2,12.8,79.5,10.2,14.6,69.9,5.53,14.6,38.0,0.25,0.17,0.08,1.49,3.72,1.35,0.57,3.65,Matches
11,Toby Alderweireld\Toby-Alderweireld,be BEL,DF,Tottenham,28,1989,13.1,59.7,70.5,84.7,1480.7,490.2,12.9,14.0,92.3,30.7,33.0,93.1,15.8,22.7,69.5,0.00,0.02,-0.02,0.23,8.55,0.61,0.15,5.27,Matches
12,Trent Alexander-Arnold\Trent-Alexander-Arnold,eng ENG,DF,Liverpool,18,1998,17.5,52.4,71.8,73.0,1034.7,371.0,20.5,23.1,88.9,23.3,29.4,79.4,7.89,16.2,48.6,0.06,0.12,-0.06,1.43,3.77,1.66,0.46,5.89,Matches
13,Joe Allen\Joe-Allen,wal WAL,MF,Stoke City,27,1990,34.9,30.9,39.1,79.1,547.7,156.8,13.7,16.1,85.1,13.3,16.0,83.3,3.32,5.30,62.7,0.17,0.07,0.10,0.92,3.04,0.80,0.11,3.41,Matches
14,Dele Alli\Dele-Alli,eng ENG,MFFW,Tottenham,21,1996,32.9,29.5,38.2,77.4,475.3,128.8,14.9,17.7,84.0,10.9,13.1,83.1,2.46,4.19,58.7,0.30,0.24,0.06,1.82,2.64,1.64,0.06,4.10,Matches
15,Marcos Alonso\Marcos-Alonso,es ESP,DFMF,Chelsea,26,1990,31.7,40.3,51.9,77.6,722.8,228.9,17.8,20.6,86.1,17.3,20.8,83.3,4.48,7.82,57.3,0.06,0.07,-0.01,0.98,1.67,0.95,0.41,3.72,Matches
16,Daniel Amartey\Daniel-Amartey,gh GHA,DF,Leicester City,22,1994,5.4,41.7,53.9,77.3,805.2,341.5,16.3,18.1,89.8,18.9,23.1,81.6,5.93,11.3,52.5,0.00,0.00,0.00,0.00,3.70,0.00,0.00,4.63,Matches
17,Ethan Ampadu\Ethan-Ampadu,wal WAL,DF,Chelsea,16,2000,0.1,190.0,190.0,100.0,4320.0,940.0,60.0,60.0,100.0,100.0,100.0,100.0,30.0,30.0,100.0,0.00,0.00,0.00,0.00,10.0,0.00,0.00,20.0,Matches
18,Nordin Amrabat\Nordin-Amrabat,ma MAR,FW,Watford,30,1987,2.2,20.5,35.5,57.7,326.4,99.5,12.7,16.4,77.8,5.91,11.8,50.0,1.82,5.00,36.4,0.00,0.05,-0.05,0.91,2.27,1.36,0.91,3.18,Matches
19,Michail Antonio\Michail-Antonio,eng ENG,FWMF,West Ham,27,1990,15.0,19.1,32.1,59.5,337.1,105.7,10.5,14.0,74.8,5.40,9.13,59.1,2.67,7.07,37.7,0.07,0.04,0.03,0.80,1.73,0.87,0.47,1.73,Matches
20,Scott Arfield\Scott-Arfield,ca CAN,FWMF,Burnley,28,1988,14.8,18.0,25.8,69.9,278.8,71.3,9.46,12.3,76.9,7.09,9.73,72.9,0.95,2.43,38.9,0.07,0.03,0.03,0.47,1.62,0.47,0.07,2.16,Matches
21,Marko Arnautović\Marko-Arnautovic,at AUT,FWMF,West Ham,28,1989,25.7,19.7,29.2,67.5,284.7,64.7,11.5,14.4,80.0,5.80,9.26,62.6,1.44,2.96,48.7,0.23,0.17,0.06,1.28,0.82,0.74,0.27,1.40,Matches
22,Harry Arter\Harry-Arter,ie IRL,MF,Bournemouth,27,1989,10.7,45.4,53.0,85.7,884.8,208.3,17.4,18.9,92.1,20.4,22.4,90.8,7.01,10.5,67.0,0.00,0.02,-0.02,0.19,4.86,0.37,0.09,4.30,Matches
23,Christian Atsu\Christian-Atsu,gh GHA,MFFW,Newcastle Utd,25,1992,19.8,18.3,26.0,70.5,266.4,80.1,10.7,12.7,84.1,5.86,8.38,69.9,1.16,2.83,41.1,0.10,0.14,-0.04,1.31,0.91,0.91,0.35,1.62,Matches
24,Pierre-Emerick Aubameyang\Pierre-Emerick-Aubameyang,ga GAB,FW,Arsenal,28,1989,11.7,18.7,27.3,68.7,247.0,43.2,11.9,14.8,80.3,5.21,7.69,67.8,0.68,2.39,28.6,0.34,0.09,0.25,1.11,0.68,0.43,0.17,0.94,Matches
25,Serge Aurier\Serge-Aurier,ci CIV,DF,Tottenham,24,1992,15.9,47.7,63.7,74.8,787.9,294.7,23.8,28.7,82.9,19.6,25.3,77.4,3.40,6.92,49.1,0.13,0.11,0.02,0.88,2.58,1.51,0.44,4.40,Matches
26,Charlie Austin\Charlie-Austin,eng ENG,FW,Southampton,28,1989,11.5,14.5,20.4,71.1,234.3,38.0,7.83,10.3,75.6,4.87,6.70,72.7,1.30,2.52,51.7,0.00,0.02,-0.02,0.17,1.22,0.00,0.00,1.22,Matches
27,André Ayew\Andre-Ayew,gh GHA,FWMF,Swansea City,27,1989,10.6,23.7,30.0,78.9,343.2,53.7,14.5,17.4,83.7,6.60,8.02,82.4,1.70,2.64,64.3,0.19,0.12,0.07,1.13,1.32,0.57,0.00,1.32,Matches
28,André Ayew\Andre-Ayew,gh GHA,FWMF,West Ham,27,1989,9.9,21.5,28.9,74.5,289.7,59.5,14.2,17.6,81.0,5.05,6.57,76.9,1.21,2.42,50.0,0.20,0.03,0.17,0.20,1.01,0.51,0.10,1.41,Matches
29,Jordan Ayew\Jordan-Ayew,gh GHA,FWMF,Swansea City,25,1991,31.7,22.0,27.8,79.0,313.6,41.5,13.1,15.0,87.6,6.56,8.20,80.0,1.17,2.27,51.4,0.06,0.04,0.03,0.44,0.76,0.76,0.06,1.29,Matches
30,César Azpilicueta\Cesar-Azpilicueta,es ESP,DF,Chelsea,27,1989,37.0,65.0,77.4,84.0,1272.9,466.2,22.8,25.3,90.2,33.4,37.4,89.2,8.14,13.1,62.1,0.16,0.09,0.08,0.78,5.81,0.97,0.24,6.43,Matches
31,Eric Bailly\Eric-Bailly,ci CIV,DF,Manchester Utd,23,1994,11.1,33.8,38.6,87.4,676.9,193.9,10.9,11.8,92.4,17.5,18.6,94.2,4.95,7.66,64.7,0.00,0.03,-0.03,0.18,1.26,0.18,0.00,1.53,Matches
32,Leighton Baines\Leighton-Baines,eng ENG,DF,Everton,32,1984,21.2,34.4,46.0,74.8,628.6,293.0,14.8,16.7,88.5,14.8,18.1,81.5,4.25,9.01,47.1,0.14,0.09,0.05,1.13,3.25,0.90,0.42,4.25,Matches
33,Tiemoué Bakayoko\Tiemoue-Bakayoko,fr FRA,MF,Chelsea,22,1994,23.6,39.8,46.5,85.6,706.8,174.6,17.9,20.3,88.1,16.9,19.2,87.7,4.24,5.34,79.4,0.08,0.02,0.06,0.59,3.73,0.38,0.08,4.11,Matches
34,Sam Baldock\Sam-Baldock,eng ENG,FWMF,Brighton,28,1989,0.4,10.0,17.5,57.1,95.0,25.0,10.0,12.5,80.0,0.00,5.00,0.0,0.00,0.00,,0.00,0.00,0.00,0.00,0.00,0.00,0.00,0.00,Matches
35,Beni Baningime\Beni-Baningime,cd COD,MF,Everton,18,1998,2.2,30.5,37.3,81.7,540.0,144.5,13.2,15.0,87.9,13.2,15.0,87.9,2.73,3.64,75.0,0.00,0.00,0.00,0.00,3.64,0.45,0.00,4.55,Matches
36,Phil Bardsley\Phil-Bardsley,sco SCO,DF,Burnley,32,1985,12.5,31.2,46.3,67.4,599.4,304.2,12.9,15.0,85.6,13.6,19.8,68.8,4.32,10.2,42.2,0.00,0.06,-0.06,0.72,4.24,1.12,0.80,3.60,Matches
37,Ross Barkley\Ross-Barkley,eng ENG,MFFW,Chelsea,23,1993,1.4,27.1,36.4,74.5,442.9,92.9,14.3,17.9,80.0,7.14,10.7,66.7,4.29,6.43,66.7,0.00,0.07,-0.07,1.43,1.43,1.43,0.71,2.14,Matches
38,Ashley Barnes\Ashley-Barnes,eng ENG,FW,Burnley,27,1989,24.1,12.7,21.1,60.1,185.1,42.6,6.89,10.3,66.7,4.56,6.85,66.7,0.58,2.24,25.9,0.00,0.07,-0.07,0.75,0.58,0.41,0.12,1.12,Matches
39,Harvey Barnes\Harvey-Barnes,eng ENG,MFFW,Leicester City,19,1997,0.1,60.0,70.0,85.7,980.0,140.0,40.0,40.0,100.0,10.0,20.0,50.0,10.0,10.0,100.0,0.00,0.00,0.00,0.00,0.00,0.00,0.00,0.00,Matches
40,Gareth Barry\Gareth-Barry,eng ENG,MF,West Brom,36,1981,21.4,32.5,43.6,74.5,670.2,209.9,12.1,14.3,84.4,14.3,17.3,83.0,5.70,10.9,52.4,0.05,0.07,-0.03,0.84,4.72,0.75,0.14,5.05,Matches
41,Kyle Bartley\Kyle-Bartley,eng ENG,DF,Swansea City,26,1991,2.6,33.8,44.2,76.5,693.8,241.5,8.85,11.5,76.7,20.8,23.5,88.5,3.85,7.69,50.0,0.00,0.08,-0.08,0.38,1.92,0.00,0.00,1.54,Matches
42,Michy Batshuayi\Michy-Batshuayi,be BEL,FW,Chelsea,23,1993,4.0,16.3,23.0,70.7,225.5,26.8,10.0,11.8,85.1,4.25,6.50,65.4,1.00,1.75,57.1,0.25,0.05,0.20,0.50,1.00,0.25,0.00,0.75,Matches
43,Moritz Bauer\Moritz-Bauer,at AUT,DFMF,Stoke City,25,1992,14.5,18.9,31.6,59.8,380.3,176.5,7.79,10.4,74.8,6.90,10.4,66.2,3.79,8.83,43.0,0.00,0.08,-0.08,0.90,1.10,0.69,0.41,1.52,Matches
44,Jan Bednarek\Jan-Bednarek,pl POL,DF,Southampton,21,1996,4.7,29.1,39.1,74.5,638.3,227.0,7.45,8.30,89.7,15.7,19.1,82.2,5.53,10.9,51.0,0.00,0.00,0.00,0.00,2.13,0.00,0.00,2.55,Matches
45,Asmir Begović\Asmir-Begovic,ba BIH,GK,Bournemouth,30,1987,38.0,13.8,23.4,58.7,487.9,316.7,1.53,1.55,98.3,5.89,6.00,98.2,6.32,15.8,39.9,0.00,0.00,0.00,0.03,0.16,0.00,0.00,0.00,Matches
46,Héctor Bellerín\Hector-Bellerin,es ESP,DFMF,Arsenal,22,1995,33.9,51.9,62.6,82.9,833.8,257.7,26.3,29.8,88.4,21.8,25.2,86.5,3.01,5.01,60.0,0.09,0.11,-0.02,1.06,2.57,1.50,0.32,4.16,Matches
47,Yohan Benalouane\Yohan-Benalouane,tn TUN,DF,Leicester City,30,1987,1.0,19.0,34.0,55.9,428.0,47.0,5.00,8.00,62.5,12.0,15.0,80.0,2.00,9.00,22.2,0.00,0.00,0.00,0.00,0.00,0.00,0.00,1.00,Matches
48,Christian Benteke\Christian-Benteke,be BEL,FW,Crystal Palace,26,1990,24.9,15.2,26.0,58.4,223.0,44.9,8.43,13.9,60.9,4.90,8.15,60.1,0.88,1.65,53.7,0.20,0.13,0.07,1.08,1.20,0.44,0.04,1.53,Matches
49,Saido Berahino\Saido-Berahino,bi BDI,FW,Stoke City,23,1993,5.5,12.5,17.3,72.6,204.4,28.5,7.45,9.64,77.4,3.64,4.55,80.0,1.27,2.00,63.6,0.18,0.13,0.05,0.55,0.36,0.73,0.18,0.91,Matches
50,Jóhann Berg Guðmundsson\Johann-Berg-Gudmundsson,is ISL,MFFW,Burnley,26,1990,31.5,21.2,33.4,63.7,421.5,158.7,8.89,11.1,79.8,7.78,11.0,70.4,4.06,9.46,43.0,0.25,0.16,0.10,2.10,1.05,0.83,0.51,2.22,Matches
51,Ryan Bertrand\Ryan-Bertrand,eng ENG,DF,Southampton,27,1989,34.8,41.8,55.2,75.7,683.8,300.5,22.0,25.2,87.3,15.1,18.7,80.6,3.62,8.42,43.0,0.11,0.08,0.04,0.92,3.65,1.12,0.37,4.57,Matches
52,Muhamed Bešić\Muhamed-Besic,ba BIH,MF,Everton,24,1992,0.5,52.0,56.0,92.9,1088.0,136.0,26.0,26.0,100.0,14.0,14.0,100.0,12.0,16.0,75.0,0.00,0.00,0.00,2.00,2.00,2.00,0.00,2.00,Matches
53,Philip Billing\Philip-Billing,dk DEN,MF,Huddersfield,21,1996,8.5,33.3,45.3,73.5,612.4,138.8,14.5,17.3,83.7,11.6,15.1,77.3,5.41,9.88,54.8,0.00,0.05,-0.05,0.35,2.71,0.35,0.24,3.06,Matches
54,Mame Biram Diouf\Mame-Biram-Diouf,sn SEN,FWMF,Stoke City,29,1987,28.8,12.5,22.3,56.2,196.7,70.2,6.49,10.5,61.9,4.97,7.81,63.6,0.80,2.08,38.3,0.07,0.03,0.04,0.52,1.11,0.17,0.03,1.94,Matches
55,Daley Blind\Daley-Blind,nl NED,DFMF,Manchester Utd,27,1990,4.0,53.8,68.3,78.8,984.8,392.0,23.0,25.5,90.2,22.0,26.3,83.8,7.50,14.3,52.6,0.00,0.15,-0.15,1.75,5.50,1.25,0.75,6.25,Matches
56,Jeremie Boga\Jeremie-Boga,ci CIV,MF,Chelsea,20,1997,0.2,20.0,20.0,100.0,155.0,30.0,15.0,15.0,100.0,0.00,0.00,,0.00,0.00,,0.00,0.00,0.00,0.00,0.00,0.00,0.00,0.00,Matches
57,Yannick Bolasie\Yannick-Bolasie,cd COD,FWMF,Everton,28,1989,9.5,14.9,28.4,52.6,245.3,63.9,7.68,11.3,68.2,5.58,9.89,56.4,1.26,4.84,26.1,0.00,0.04,-0.04,0.21,0.95,0.74,0.42,1.58,Matches
58,Gaëtan Bong\Gaetan-Bong,cm CMR,DF,Brighton,29,1988,24.8,28.1,42.0,67.0,487.1,255.6,12.1,14.6,82.6,12.9,18.0,72.0,2.34,7.06,33.1,0.00,0.03,-0.03,0.36,2.58,0.36,0.24,2.82,Matches
59,Wilfried Bony\Wilfried-Bony,ci CIV,FW,Swansea City,28,1988,7.9,16.6,24.9,66.5,230.1,47.0,9.87,13.2,75.0,4.68,7.97,58.7,0.76,1.27,60.0,0.00,0.03,-0.03,0.51,1.52,0.25,0.00,1.65,Matches
60,Sofiane Boufal\Sofiane-Boufal,ma MAR,FWMF,Southampton,23,1993,13.5,30.4,42.1,72.2,516.6,135.3,15.3,18.7,81.4,11.6,15.9,73.4,2.81,5.56,50.7,0.15,0.10,0.04,1.48,2.22,1.93,0.37,3.85,Matches
61,Robbie Brady\Robbie-Brady,ie IRL,MFFW,Burnley,25,1992,14.2,24.9,41.4,60.2,534.8,209.4,9.86,12.7,77.3,9.72,14.4,67.3,5.07,13.1,38.7,0.14,0.15,-0.01,1.90,2.54,1.20,0.42,3.45,Matches
62,Claudio Bravo\Claudio-Bravo,cl CHI,GK,Manchester City,34,1983,2.5,18.8,21.2,88.7,466.4,253.2,2.00,2.00,100.0,12.0,12.4,96.8,4.80,6.80,70.6,0.00,0.00,0.00,0.00,0.00,0.00,0.00,0.00,Matches
63,Miguel Britos\Miguel-Britos,uy URU,DF,Watford,32,1985,8.9,34.8,46.3,75.2,839.9,322.8,7.87,10.6,74.5,16.9,19.7,85.7,9.89,15.2,65.2,0.00,0.07,-0.07,0.34,3.93,0.45,0.11,3.71,Matches
64,Leon Britton\Leon-Britton,eng ENG,MF,Swansea City,34,1982,3.4,36.2,38.8,93.2,692.1,120.3,12.6,13.2,95.6,20.0,21.5,93.2,3.53,3.53,100.0,0.00,0.00,0.00,0.00,2.94,0.29,0.00,0.88,Matches
65,Izzy Brown\Izzy-Brown,eng ENG,MFFW,Brighton,20,1997,3.5,25.7,36.6,70.3,405.1,106.0,14.3,18.0,79.4,9.43,13.1,71.7,1.71,2.86,60.0,0.00,0.20,-0.20,1.71,2.57,1.14,0.86,2.00,Matches
66,Bruno\Bruno,es ESP,DF,Brighton,36,1980,22.4,40.9,52.8,77.5,822.9,343.0,14.7,16.7,88.0,19.2,22.9,84.2,6.47,11.7,55.1,0.00,0.05,-0.05,0.49,2.90,0.54,0.36,2.72,Matches
67,Chris Brunt\Chris-Brunt,nir NIR,MFDF,West Brom,32,1984,21.3,33.7,49.5,68.1,786.3,339.7,10.8,12.3,87.1,13.4,17.1,78.1,8.92,18.5,48.3,0.33,0.19,0.14,1.74,4.41,1.22,0.42,4.37,Matches
68,Oliver Burke\Oliver-Burke,sco SCO,FWMF,West Brom,20,1997,4.1,27.1,35.6,76.0,364.6,73.2,18.5,20.5,90.5,7.07,10.5,67.4,0.98,2.44,40.0,0.49,0.10,0.39,0.98,1.22,0.49,0.49,0.98,Matches
69,Jack Butland\Jack-Butland,eng ENG,GK,Stoke City,24,1993,35.0,14.3,28.9,49.6,707.4,565.8,0.86,0.91,93.8,3.17,3.37,94.1,10.3,24.5,41.9,0.00,0.00,0.00,0.03,1.77,0.03,0.00,0.00,Matches
70,Sam Byram\Sam-Byram,eng ENG,DF,West Ham,23,1993,2.8,26.4,44.6,59.2,448.6,257.1,11.8,17.1,68.8,11.8,18.2,64.7,2.14,7.14,30.0,0.00,0.07,-0.07,0.71,2.50,1.43,0.71,4.64,Matches
71,Willy Caballero\Willy-Caballero,ar ARG,GK,Chelsea,35,1981,3.0,20.3,27.7,73.5,549.0,370.0,4.33,4.67,92.9,9.67,9.67,100.0,6.33,13.3,47.5,0.00,0.00,0.00,0.00,0.00,0.00,0.00,0.00,Matches
72,Yohan Cabaye\Yohan-Cabaye,fr FRA,MF,Crystal Palace,31,1986,26.4,40.9,53.2,76.9,780.2,277.0,16.6,18.5,90.0,16.8,19.5,86.0,6.06,12.8,47.5,0.04,0.13,-0.09,1.67,4.20,0.72,0.00,4.81,Matches
73,Gary Cahill\Gary-Cahill,eng ENG,DF,Chelsea,31,1985,23.2,49.5,56.6,87.6,1010.4,337.6,14.6,15.8,92.1,27.7,30.2,91.7,6.85,9.53,71.9,0.00,0.00,-0.00,0.09,3.36,0.04,0.00,2.50,Matches
74,Dominic Calvert-Lewin\Dominic-Calvert-Lewin,eng ENG,FWMF,Everton,20,1997,20.9,15.1,24.7,61.0,206.3,55.5,9.00,13.1,68.6,4.16,7.13,58.4,0.81,1.67,48.6,0.29,0.08,0.21,0.91,0.81,0.77,0.33,1.44,Matches
75,Geoff Cameron\Geoff-Cameron,us USA,DFMF,Stoke City,32,1985,16.9,23.4,34.1,68.6,471.5,198.8,8.76,10.5,83.1,10.5,13.3,78.7,3.85,9.23,41.7,0.00,0.01,-0.01,0.41,2.43,0.18,0.06,2.49,Matches
76,Tyrese Campbell\Tyrese-Campbell,eng ENG,FWMF,Stoke City,17,1999,0.9,11.1,21.1,52.6,167.8,48.9,4.44,10.0,44.4,6.67,8.89,75.0,0.00,0.00,,0.00,0.00,0.00,0.00,1.11,4.44,0.00,4.44,Matches
77,Emre Can\Emre-Can,de GER,MF,Liverpool,23,1994,23.2,57.0,66.8,85.3,1087.9,223.4,22.4,25.0,89.7,26.2,28.9,90.6,7.46,10.9,68.1,0.17,0.12,0.06,1.08,5.73,0.86,0.00,4.44,Matches
78,Étienne Capoue\Etienne-Capoue,fr FRA,MF,Watford,29,1988,17.1,40.9,50.3,81.3,842.7,200.6,15.3,17.8,85.9,18.2,21.1,86.4,7.08,10.4,68.0,0.00,0.04,-0.04,0.53,4.50,0.64,0.06,3.63,Matches
79,Michael Carrick\Michael-Carrick,eng ENG,MF,Manchester Utd,36,1981,1.2,65.8,76.7,85.9,1451.7,707.5,23.3,24.2,96.6,29.2,30.0,97.2,13.3,20.0,66.7,0.00,0.08,-0.08,0.83,15.0,0.83,0.00,14.2,Matches
80,André Carrillo\Andre-Carrillo,pe PER,FWMF,Watford,26,1991,17.1,32.5,44.3,73.4,544.6,139.6,16.5,19.3,85.8,11.5,16.1,71.4,3.39,6.02,56.3,0.12,0.17,-0.05,1.05,2.34,1.23,0.53,3.39,Matches
81,Guido Carrillo\Guido-Carrillo,ar ARG,FW,Southampton,26,1991,5.0,15.6,23.6,66.1,238.2,49.6,9.80,13.6,72.1,3.60,6.00,60.0,1.80,2.60,69.2,0.20,0.16,0.04,1.00,1.20,0.60,0.00,1.20,Matches
82,Andy Carroll\Andy-Carroll,eng ENG,FWMF,West Ham,28,1989,8.3,17.3,29.3,59.3,306.1,62.9,7.35,11.3,64.9,6.39,11.1,57.6,2.41,4.10,58.8,0.00,0.02,-0.02,0.60,1.08,0.84,0.36,1.45,Matches
83,Tom Carroll\Tom-Carroll,eng ENG,MF,Swansea City,25,1992,28.6,42.2,53.7,78.5,810.0,258.0,17.6,19.7,89.4,17.0,19.7,86.0,6.50,12.0,54.2,0.14,0.14,0.00,1.64,5.77,1.26,0.38,5.70,Matches
84,Craig Cathcart\Craig-Cathcart,nir NIR,DF,Watford,28,1989,5.8,25.2,32.6,77.2,621.0,228.1,4.83,5.69,84.8,12.6,15.0,83.9,7.07,11.2,63.1,0.00,0.00,0.00,0.17,1.55,0.17,0.00,1.72,Matches
85,Petr Čech\Petr-Cech,cz CZE,GK,Arsenal,35,1982,33.8,16.7,23.9,69.8,529.0,315.7,1.42,1.57,90.6,8.40,8.55,98.3,6.86,13.8,49.9,0.00,0.00,0.00,0.00,0.33,0.00,0.00,0.03,Matches
86,Nacer Chadli\Nacer-Chadli,be BEL,FWMF,West Brom,27,1989,2.9,17.2,25.5,67.6,247.2,50.7,10.0,11.7,85.3,6.21,8.97,69.2,0.34,2.07,16.7,0.00,0.03,-0.03,0.69,1.03,0.69,0.00,1.38,Matches
87,Nathaniel Chalobah\Nathaniel-Chalobah,eng ENG,MF,Watford,22,1994,5.0,25.2,36.4,69.2,466.0,154.2,9.60,12.6,76.2,12.0,15.0,80.0,2.20,6.60,33.3,0.00,0.00,0.00,0.20,3.40,0.20,0.00,4.00,Matches
88,Calum Chambers\Calum-Chambers,eng ENG,DF,Arsenal,22,1995,9.6,53.6,65.5,81.9,1098.0,336.7,17.6,20.2,87.1,27.2,31.9,85.3,8.33,11.9,70.2,0.00,0.01,-0.01,0.21,3.65,0.42,0.10,3.54,Matches
89,Ben Chilwell\Ben-Chilwell,eng ENG,DF,Leicester City,20,1996,20.6,39.7,56.6,70.2,678.3,261.9,18.1,22.2,81.6,17.0,23.2,73.2,3.79,8.06,47.0,0.10,0.11,-0.01,0.97,2.72,1.26,0.68,3.98,Matches
90,Hamza Choudhury\Hamza-Choudhury,eng ENG,MF,Leicester City,19,1997,4.2,33.6,40.0,83.9,665.5,207.6,12.4,13.8,89.7,16.9,18.6,91.0,4.29,7.38,58.1,0.24,0.02,0.21,0.24,4.52,0.24,0.00,3.10,Matches
91,Andreas Christensen\Andreas-Christensen,dk DEN,DF,Chelsea,21,1996,23.2,52.8,57.0,92.6,1207.8,336.8,11.4,12.2,93.3,29.0,30.8,94.3,11.9,13.2,89.9,0.00,0.01,-0.01,0.22,3.10,0.04,0.00,3.06,Matches
92,Lee Chung-yong\Lee-Chung-yong,kr KOR,FW,Crystal Palace,29,1988,1.5,38.7,50.7,76.3,562.0,154.0,22.7,24.0,94.4,12.7,16.7,76.0,2.00,6.00,33.3,0.00,0.07,-0.07,1.33,0.67,0.67,0.00,3.33,Matches
93,Ciaran Clark\Ciaran-Clark,ie IRL,DF,Newcastle Utd,27,1989,19.4,25.5,36.5,69.8,574.5,225.6,6.65,8.30,80.1,13.4,16.3,82.0,5.10,10.8,47.1,0.05,0.02,0.03,0.15,2.16,0.15,0.00,1.60,Matches
94,Tom Cleverley\Tom-Cleverley,eng ENG,MF,Watford,27,1989,21.1,44.2,56.3,78.5,812.1,241.6,20.0,22.3,89.8,17.2,20.8,82.7,6.16,11.3,54.6,0.09,0.06,0.04,1.28,5.88,0.81,0.09,4.93,Matches
95,Sam Clucas\Sam-Clucas,eng ENG,MFFW,Swansea City,26,1990,22.7,29.5,37.5,78.6,546.6,129.6,12.5,14.6,85.5,12.7,14.6,86.7,3.83,6.78,56.5,0.04,0.05,-0.01,0.75,2.16,0.22,0.04,2.38,Matches
96,Nathaniel Clyne\Nathaniel-Clyne,eng ENG,DFMF,Liverpool,26,1991,1.9,55.3,71.1,77.8,917.9,285.3,24.2,28.4,85.2,26.8,31.6,85.0,3.68,7.37,50.0,0.00,0.16,-0.16,0.53,2.63,1.58,0.53,3.68,Matches
97,Séamus Coleman\Seamus-Coleman,ie IRL,DF,Everton,28,1988,11.5,30.4,42.8,71.1,521.7,232.7,14.8,17.1,86.3,11.5,16.1,71.4,3.30,7.13,46.3,0.09,0.03,0.05,0.61,3.13,0.70,0.09,3.57,Matches
98,James Collins\James-Collins,wal WAL,DF,West Ham,33,1983,11.7,25.1,34.9,72.1,572.0,240.5,7.09,7.86,90.2,12.1,15.2,79.2,5.64,10.9,51.6,0.00,0.03,-0.03,0.17,1.54,0.00,0.00,1.45,Matches
99,Lewis Cook\Lewis-Cook,eng ENG,MF,Bournemouth,20,1997,24.9,39.2,50.0,78.4,829.9,238.7,13.7,16.6,82.1,17.0,20.0,85.1,7.87,11.5,68.3,0.08,0.06,0.02,1.16,5.98,0.88,0.08,5.46,Matches
100,Steve Cook\Steve-Cook,eng ENG,DF,Bournemouth,26,1991,30.7,32.3,44.8,72.2,750.2,253.5,7.30,9.19,79.4,16.9,20.9,80.7,7.69,13.4,57.6,0.03,0.02,0.02,0.16,2.38,0.10,0.00,2.21,Matches
101,Francis Coquelin\Francis-Coquelin,fr FRA,MFDF,Arsenal,26,1991,1.9,41.6,48.9,84.9,723.2,211.6,22.1,24.7,89.4,13.2,14.2,92.6,5.26,7.89,66.7,0.00,0.11,-0.11,0.53,5.26,1.05,0.00,4.21,Matches
102,Jack Cork\Jack-Cork,eng ENG,MF,Burnley,28,1989,38.0,33.4,42.5,78.5,628.9,145.8,13.6,16.2,84.0,14.4,17.2,83.4,4.68,7.32,64.0,0.03,0.02,0.00,0.50,3.39,0.39,0.05,2.87,Matches
103,Thibaut Courtois\Thibaut-Courtois,be BEL,GK,Chelsea,25,1992,35.0,20.9,28.5,73.5,631.0,368.6,2.57,2.60,98.9,11.0,11.1,99.2,7.23,14.5,49.7,0.00,0.00,0.00,0.00,0.46,0.00,0.00,0.00,Matches
104,Philippe Coutinho\Philippe-Coutinho,br BRA,MFFW,Liverpool,25,1992,12.3,45.3,61.3,73.9,893.2,295.6,17.3,21.1,81.9,19.8,24.1,81.8,6.99,13.2,53.1,0.49,0.35,0.14,3.33,6.50,3.50,0.65,9.19,Matches
105,Martin Cranie\Martin-Cranie,eng ENG,DFMF,Huddersfield,30,1986,2.0,36.0,45.5,79.1,777.0,229.0,9.50,11.5,82.6,22.5,25.0,90.0,4.00,8.50,47.1,0.00,0.00,0.00,0.00,2.50,0.00,0.00,0.50,Matches
106,Aaron Cresswell\Aaron-Cresswell,eng ENG,DF,West Ham,27,1989,34.1,34.9,49.9,69.9,678.6,300.6,14.7,17.0,86.9,14.3,18.0,79.5,5.43,13.2,41.0,0.09,0.08,0.01,1.14,3.67,0.62,0.35,2.64,Matches
107,Peter Crouch\Peter-Crouch,eng ENG,FW,Stoke City,36,1981,17.4,21.3,35.6,59.8,277.1,71.3,14.1,21.8,64.6,5.80,9.66,60.1,0.46,0.86,53.3,0.11,0.16,-0.04,1.21,2.30,0.40,0.06,2.47,Matches
108,Josh Cullen\Josh-Cullen,ie IRL,FWMF,West Ham,21,1996,0.1,30.0,40.0,75.0,170.0,60.0,10.0,10.0,100.0,0.00,0.00,,0.00,0.00,,0.00,0.00,0.00,0.00,0.00,0.00,0.00,0.00,Matches
109,Charlie Daniels\Charlie-Daniels,eng ENG,DFMF,Bournemouth,30,1986,33.4,43.7,58.9,74.1,737.4,300.3,21.6,24.7,87.5,17.0,22.1,77.1,3.95,9.01,43.9,0.09,0.07,0.02,0.84,2.75,0.87,0.30,3.74,Matches
110,Danilo\Danilo,br BRA,DF,Manchester City,26,1991,15.0,72.2,81.2,88.9,1277.7,340.2,31.8,33.3,95.6,33.5,36.7,91.3,6.27,9.40,66.7,0.13,0.01,0.12,0.27,5.73,1.13,0.07,5.13,Matches
111,Scott Dann\Scott-Dann,eng ENG,DF,Crystal Palace,30,1987,15.9,28.2,36.4,77.5,625.8,232.7,7.80,8.99,86.7,13.2,15.8,83.3,6.54,10.4,63.0,0.00,0.01,-0.01,0.31,2.70,0.19,0.00,2.45,Matches
112,Karl Darlow\Karl-Darlow,eng ENG,GK,Newcastle Utd,26,1990,10.0,14.3,28.1,50.9,598.5,466.0,0.70,0.80,87.5,5.20,5.30,98.1,8.40,22.0,38.2,0.00,0.00,0.00,0.00,0.60,0.00,0.00,0.00,Matches
113,Matteo Darmian\Matteo-Darmian,it ITA,DF,Manchester Utd,27,1989,4.9,39.4,49.2,80.1,675.9,219.2,17.6,19.0,92.5,15.7,20.0,78.6,4.08,6.94,58.8,0.00,0.00,0.00,0.20,2.04,0.00,0.00,2.86,Matches
114,Ben Davies\Ben-Davies,wal WAL,DF,Tottenham,24,1993,25.8,49.4,66.2,74.6,879.7,345.8,21.7,25.2,86.2,22.2,27.5,80.7,4.50,10.1,44.4,0.23,0.12,0.11,1.59,4.26,1.51,0.58,6.40,Matches
115,Tom Davies\Tom-Davies,eng ENG,MF,Everton,19,1998,21.1,25.5,33.5,76.0,427.9,96.3,12.0,14.1,84.9,9.91,12.7,77.7,2.56,4.55,56.3,0.05,0.03,0.01,0.43,2.18,0.66,0.05,2.18,Matches
116,Steven Davis\Steven-Davis,nir NIR,MF,Southampton,32,1985,16.9,51.2,62.9,81.5,947.8,247.3,22.2,24.7,89.7,21.8,24.8,88.1,6.39,10.8,59.0,0.00,0.07,-0.07,1.07,6.51,1.12,0.12,5.21,Matches
117,Craig Dawson\Craig-Dawson,eng ENG,DF,West Brom,27,1990,27.9,26.5,38.9,68.1,554.2,258.4,9.07,11.5,79.1,11.8,15.3,77.3,5.13,10.5,48.6,0.00,0.04,-0.04,0.50,3.08,0.68,0.36,2.58,Matches
118,Kevin De Bruyne\Kevin-De-Bruyne,be BEL,MF,Manchester City,26,1991,34.1,67.2,86.2,78.0,1318.9,363.3,25.7,30.7,83.8,30.9,36.8,84.1,9.59,15.6,61.5,0.47,0.36,0.11,3.26,6.57,3.81,0.56,9.27,Matches
119,Troy Deeney\Troy-Deeney,eng ENG,FW,Watford,29,1988,20.5,15.1,26.6,56.7,222.9,61.4,9.02,14.2,63.4,4.24,7.27,58.4,1.22,2.44,50.0,0.10,0.09,0.01,1.07,1.46,1.02,0.10,2.29,Matches
120,Jermain Defoe\Jermain-Defoe,eng ENG,FW,Bournemouth,34,1982,12.1,7.85,11.0,71.4,104.8,17.1,5.79,7.11,81.4,1.49,2.56,58.1,0.41,0.58,71.4,0.08,0.09,-0.01,0.99,0.33,0.25,0.00,0.58,Matches
121,Steven Defour\Steven-Defour,be BEL,MF,Burnley,29,1988,22.2,38.0,46.8,81.2,751.6,220.5,14.4,16.4,88.2,17.0,19.6,86.7,5.86,9.50,61.6,0.05,0.05,-0.01,0.81,4.59,0.95,0.41,4.23,Matches
122,Damien Delaney\Damien-Delaney,ie IRL,DF,Crystal Palace,36,1981,1.1,27.3,38.2,71.4,545.5,401.8,11.8,13.6,86.7,10.9,14.5,75.0,4.55,8.18,55.6,0.00,0.00,0.00,0.00,1.82,0.00,0.00,1.82,Matches
123,Fabian Delph\Fabian-Delph,eng ENG,DF,Manchester City,27,1989,19.3,82.3,89.1,92.4,1358.7,358.7,41.6,43.1,96.4,33.6,36.2,92.8,6.01,7.98,75.3,0.10,0.06,0.05,0.57,6.42,0.93,0.21,5.60,Matches
124,Mousa Dembélé\Mousa-Dembele,be BEL,MF,Tottenham,30,1987,20.9,62.2,67.7,92.0,1103.0,314.7,25.9,27.8,93.1,30.0,31.9,94.2,5.60,6.56,85.4,0.00,0.04,-0.04,0.81,7.61,0.33,0.10,8.85,Matches
125,Laurent Depoitre\Laurent-Depoitre,be BEL,FW,Huddersfield,28,1988,20.2,13.4,23.0,58.3,186.5,30.1,7.62,12.3,62.1,4.21,7.23,58.2,0.54,1.09,50.0,0.05,0.02,0.03,0.54,0.74,0.05,0.00,0.64,Matches
126,Mike van der Hoorn\Mike-van-der-Hoorn,nl NED,DF,Swansea City,24,1992,21.6,31.0,41.0,75.7,701.3,268.1,8.89,10.6,83.5,14.0,16.6,84.1,7.78,12.8,60.6,0.00,0.01,-0.01,0.14,2.45,0.19,0.09,2.27,Matches
127,Gerard Deulofeu\Gerard-Deulofeu,es ESP,FWMF,Watford,23,1994,4.8,24.0,34.2,70.1,410.0,110.2,11.9,15.8,75.0,8.33,11.0,75.5,2.92,4.38,66.7,0.00,0.13,-0.13,2.08,1.46,1.25,0.42,2.50,Matches
128,Fousseni Diabaté\Fousseni-Diabate,ml MLI,MFFW,Leicester City,21,1995,6.5,27.1,36.3,74.6,389.5,104.0,17.1,20.6,82.8,8.46,10.8,78.6,1.08,2.15,50.0,0.15,0.05,0.11,0.92,1.54,0.46,0.15,2.62,Matches
129,Mohamed Diamé\Mohamed-Diame,sn SEN,MF,Newcastle Utd,30,1987,22.7,29.5,36.1,81.7,543.7,138.1,13.6,15.9,85.6,11.8,13.3,88.7,3.48,4.93,70.5,0.00,0.02,-0.02,0.53,2.78,0.26,0.04,2.51,Matches
130,Brahim Díaz\Brahim-Diaz,es ESP,FWMF,Manchester City,17,1999,0.6,43.3,46.7,92.9,571.7,111.7,26.7,26.7,100.0,16.7,20.0,83.3,0.00,0.00,,0.00,0.00,0.00,0.00,1.67,0.00,0.00,1.67,Matches
131,Eric Dier\Eric-Dier,eng ENG,MFDF,Tottenham,23,1994,31.4,60.7,71.5,84.8,1277.8,373.6,19.6,22.3,87.6,29.1,32.3,90.0,11.2,15.0,74.8,0.06,0.07,-0.00,0.54,7.45,0.80,0.03,5.64,Matches
132,Virgil van Dijk\Virgil-van-Dijk,nl NED,DF,Liverpool,26,1991,14.0,70.4,78.9,89.1,1601.2,465.1,16.9,18.0,94.0,36.9,39.6,93.1,16.2,20.4,79.6,0.00,0.04,-0.04,0.14,4.79,0.14,0.00,3.86,Matches
133,Virgil van Dijk\Virgil-van-Dijk,nl NED,DF,Southampton,26,1991,11.0,48.3,57.0,84.7,1102.5,328.2,13.3,15.2,87.4,23.4,25.5,91.5,11.5,15.6,73.3,0.00,0.00,0.00,0.18,2.91,0.27,0.00,3.00,Matches
134,Abdoulaye Doucouré\Abdoulaye-Doucoure,fr FRA,MF,Watford,24,1993,36.9,50.6,61.2,82.7,947.8,221.6,20.9,24.5,85.5,22.5,25.6,87.6,6.56,9.11,72.0,0.08,0.07,0.02,1.06,4.55,1.00,0.08,4.44,Matches
135,Aleksandar Dragović\Aleksandar-Dragovic,at AUT,DF,Leicester City,26,1991,8.5,34.2,41.6,82.2,806.1,260.9,8.12,9.88,82.1,16.9,20.0,84.7,8.82,11.3,78.1,0.00,0.00,0.00,0.00,2.24,0.00,0.00,2.35,Matches
136,Danny Drinkwater\Danny-Drinkwater,eng ENG,MF,Chelsea,27,1990,5.9,55.4,63.7,87.0,997.6,197.3,25.4,28.0,90.9,24.1,26.1,92.2,5.42,7.63,71.1,0.00,0.02,-0.02,0.51,5.25,0.51,0.00,4.24,Matches
137,Martin Dúbravka\Martin-Dubravka,sk SVK,GK,Newcastle Utd,28,1989,12.0,12.7,23.7,53.5,418.1,278.8,2.25,2.25,100.0,5.67,5.67,100.0,4.75,15.8,30.2,0.00,0.00,0.00,0.00,0.33,0.00,0.00,0.00,Matches
138,Shane Duffy\Shane-Duffy,ie IRL,DF,Brighton,25,1992,36.6,29.0,38.3,75.7,716.0,212.5,6.12,7.51,81.5,14.9,17.2,86.5,7.81,12.7,61.8,0.03,0.03,0.00,0.16,1.07,0.05,0.05,0.87,Matches
139,Paul Dummett\Paul-Dummett,wal WAL,DF,Newcastle Utd,25,1991,17.8,28.6,41.9,68.2,545.2,282.8,11.2,13.1,85.5,13.8,18.2,75.6,3.37,8.88,38.0,0.00,0.02,-0.02,0.34,2.92,0.51,0.17,3.09,Matches
140,Lewis Dunk\Lewis-Dunk,eng ENG,DF,Brighton,25,1991,38.0,31.3,40.7,76.9,763.1,243.1,7.84,9.58,81.9,15.0,16.8,89.3,8.03,13.5,59.6,0.03,0.01,0.02,0.21,1.82,0.18,0.03,1.50,Matches
141,Nathan Dyer\Nathan-Dyer,eng ENG,MFFW,Swansea City,29,1987,14.5,29.1,38.1,76.3,395.9,77.8,17.9,21.0,85.2,8.69,11.3,76.8,1.10,2.48,44.4,0.00,0.05,-0.05,0.69,0.97,0.90,0.21,1.72,Matches
142,Ederson\Ederson,br BRA,GK,Manchester City,23,1993,35.5,23.0,26.1,88.2,587.7,324.1,4.68,4.73,98.8,12.3,12.5,98.4,5.92,8.73,67.7,0.00,0.00,-0.00,0.03,0.25,0.00,0.00,0.00,Matches
143,Tom Edwards\Tom-Edwards,eng ENG,DF,Stoke City,18,1999,5.3,26.8,39.1,68.6,482.8,221.7,13.0,14.5,89.6,10.0,13.4,74.6,3.58,9.81,36.5,0.00,0.06,-0.06,0.19,2.64,0.38,0.38,1.51,Matches
144,Rob Elliot\Rob-Elliot,ie IRL,GK,Newcastle Utd,31,1986,16.0,15.3,27.4,55.8,669.6,511.7,0.94,1.00,93.8,4.75,4.81,98.7,9.63,21.6,44.5,0.00,0.00,0.00,0.00,0.56,0.00,0.00,0.00,Matches
145,Mohamed Elneny\Mohamed-Elneny,eg EGY,MF,Arsenal,25,1992,9.6,79.8,86.4,92.4,1424.7,323.2,34.1,36.1,94.2,36.3,38.5,94.1,8.13,9.58,84.8,0.10,0.07,0.03,1.04,8.85,0.63,0.00,6.04,Matches
146,Christian Eriksen\Christian-Eriksen,dk DEN,MFFW,Tottenham,25,1992,35.8,52.1,68.2,76.4,1004.0,263.8,21.2,24.5,86.7,22.3,27.6,81.0,7.71,13.5,57.1,0.28,0.35,-0.07,2.91,5.98,1.90,0.36,6.59,Matches
147,Jonny Evans\Jonny-Evans,nir NIR,DF,West Brom,29,1988,25.2,30.4,38.3,79.3,660.6,239.9,8.97,10.6,85.0,15.5,17.7,87.7,5.56,9.25,60.1,0.08,0.01,0.07,0.24,2.30,0.16,0.04,1.63,Matches
148,Patrice Evra\Patrice-Evra,fr FRA,DF,West Ham,36,1981,2.5,34.0,47.6,71.4,459.2,237.2,22.0,24.8,88.7,8.80,12.4,71.0,1.60,5.20,30.8,0.00,0.00,0.00,0.00,2.80,0.40,0.00,2.40,Matches
149,Łukasz Fabiański\Lukasz-Fabianski,pl POL,GK,Swansea City,32,1985,38.0,15.5,26.8,58.0,625.8,441.6,1.61,1.66,96.8,5.18,5.29,98.0,8.74,19.8,44.2,0.00,0.00,0.00,0.00,0.53,0.00,0.00,0.00,Matches
150,Cesc Fàbregas\Cesc-Fabregas,es ESP,MF,Chelsea,30,1987,25.6,70.1,88.3,79.4,1413.6,519.9,25.4,28.5,89.0,31.3,36.9,84.9,12.3,20.3,60.9,0.16,0.27,-0.11,3.48,9.61,3.13,0.39,12.1,Matches
151,Marouane Fellaini\Marouane-Fellaini,be BEL,MF,Manchester Utd,29,1987,7.6,42.8,50.5,84.6,676.2,172.4,22.5,25.1,89.5,15.9,18.8,84.6,2.89,4.34,66.7,0.00,0.01,-0.01,0.53,3.03,0.00,0.00,3.42,Matches
152,Kiko Femenía\Kiko-Femenia,es ESP,DFMF,Watford,26,1991,19.0,41.0,51.7,79.3,644.7,238.9,23.1,25.8,89.4,14.1,17.1,82.2,2.84,6.32,45.0,0.05,0.11,-0.05,0.84,2.21,1.42,0.58,3.89,Matches
153,Leroy Fer\Leroy-Fer,nl NED,MF,Swansea City,27,1990,15.5,33.1,41.4,80.0,635.0,128.0,13.2,15.9,83.0,13.7,16.0,85.9,5.16,7.68,67.2,0.06,0.07,-0.01,0.65,3.74,0.52,0.00,3.29,Matches
154,Edimilson Fernandes\Edimilson-Fernandes,ch SUI,MFFW,West Ham,21,1996,9.4,22.3,28.9,77.2,399.8,100.2,10.0,12.0,83.2,8.62,10.6,81.0,2.87,4.36,65.9,0.11,0.05,0.05,0.85,1.60,0.64,0.21,2.23,Matches
155,Federico Fernández\Federico-Fernandez,ar ARG,DF,Swansea City,28,1989,29.7,33.1,40.6,81.4,770.5,295.0,7.64,8.55,89.4,17.4,19.9,87.5,7.64,11.3,67.6,0.03,0.02,0.01,0.17,2.46,0.13,0.00,2.29,Matches
156,Fernandinho\Fernandinho,br BRA,MF,Manchester City,32,1985,32.0,81.7,92.0,88.8,1503.2,412.0,31.4,34.1,92.2,40.3,43.8,91.9,8.66,11.6,74.5,0.09,0.07,0.03,0.72,9.94,1.19,0.03,8.13,Matches
157,Sam Field\Sam-Field,eng ENG,MF,West Brom,19,1998,6.0,19.5,29.0,67.2,363.7,115.8,8.17,11.0,74.2,8.50,11.5,73.9,2.33,5.33,43.8,0.00,0.03,-0.03,0.67,2.00,1.17,0.17,2.67,Matches
158,Roberto Firmino\Roberto-Firmino,br BRA,FW,Liverpool,25,1991,30.7,28.0,39.2,71.6,413.8,109.6,15.3,20.0,76.6,9.38,12.5,74.8,1.73,2.90,59.6,0.23,0.18,0.05,1.73,2.15,1.76,0.07,4.07,Matches
159,Darren Fletcher\Darren-Fletcher,sco SCO,MF,Stoke City,33,1984,24.7,33.0,43.2,76.4,724.0,212.5,9.60,11.9,80.6,15.5,18.0,86.0,7.04,11.5,61.1,0.04,0.04,0.00,0.93,3.81,0.73,0.12,3.60,Matches
160,Phil Foden\Phil-Foden,eng ENG,MF,Manchester City,17,2000,0.5,82.0,96.0,85.4,1118.0,114.0,62.0,68.0,91.2,18.0,22.0,81.8,2.00,6.00,33.3,2.00,0.60,1.40,4.00,2.00,0.00,0.00,0.00,Matches
161,José Fonte\Jose-Fonte,pt POR,DF,West Ham,33,1983,7.6,37.5,47.0,79.8,814.5,307.9,11.1,12.9,85.7,20.0,22.2,89.9,6.45,11.3,57.0,0.13,0.01,0.12,0.39,4.74,0.39,0.13,3.82,Matches
162,Fraser Forster\Fraser-Forster,eng ENG,GK,Southampton,29,1988,20.0,10.6,21.6,48.8,411.8,308.2,1.20,1.20,100.0,3.95,4.00,98.8,5.40,16.4,33.0,0.00,0.00,0.00,0.00,0.30,0.00,0.00,0.00,Matches
163,Ben Foster\Ben-Foster,eng ENG,GK,West Brom,34,1983,37.0,11.6,23.9,48.5,570.1,477.3,0.62,0.73,85.2,2.89,2.95,98.2,8.03,20.2,39.8,0.00,0.00,0.00,0.03,1.19,0.03,0.00,0.03,Matches
164,Timothy Fosu-Mensah\Timothy-Fosu-Mensah,nl NED,DF,Crystal Palace,19,1998,17.7,29.7,41.5,71.5,564.2,244.7,12.1,14.3,85.0,13.4,17.1,78.5,3.79,9.15,41.4,0.00,0.03,-0.03,0.34,3.16,0.51,0.28,3.05,Matches
165,Simon Francis\Simon-Francis,eng ENG,DF,Bournemouth,32,1985,30.1,43.1,60.1,71.6,907.8,387.8,15.0,18.3,82.0,20.2,25.1,80.5,7.41,14.8,50.0,0.03,0.07,-0.03,0.83,3.22,0.90,0.50,3.59,Matches
166,Ryan Fraser\Ryan-Fraser,sco SCO,MFDF,Bournemouth,23,1994,22.3,31.2,45.2,69.0,549.5,212.5,14.3,17.7,80.8,12.9,17.5,73.8,3.36,7.98,42.1,0.13,0.15,-0.02,2.02,1.66,1.79,0.76,4.13,Matches
167,Christian Fuchs\Christian-Fuchs,at AUT,DF,Leicester City,31,1986,21.3,38.2,56.0,68.2,732.3,331.4,16.1,18.5,86.8,14.6,19.4,75.4,6.62,15.3,43.3,0.05,0.02,0.02,0.56,3.24,0.85,0.38,4.13,Matches
168,Jay Fulton\Jay-Fulton,sco SCO,MF,Swansea City,23,1994,0.2,20.0,20.0,100.0,360.0,0.00,10.0,10.0,100.0,5.00,5.00,100.0,5.00,5.00,100.0,0.00,0.00,0.00,0.00,0.00,0.00,0.00,0.00,Matches
169,Ramiro Funes Mori\Ramiro-Funes-Mori,ar ARG,DFMF,Everton,26,1991,1.3,33.1,43.8,75.4,655.4,270.0,11.5,13.1,88.2,15.4,18.5,83.3,4.62,9.23,50.0,0.00,0.00,0.00,0.00,3.85,0.00,0.00,2.31,Matches
170,Manolo Gabbiadini\Manolo-Gabbiadini,it ITA,FWMF,Southampton,25,1991,12.0,12.1,17.0,71.1,159.6,13.7,7.42,8.83,84.0,3.58,4.92,72.9,0.25,1.00,25.0,0.00,0.07,-0.07,0.50,0.25,0.25,0.08,0.50,Matches
171,Jesús Gámez\Jesus-Gamez,es ESP,DF,Newcastle Utd,32,1985,1.1,41.8,55.5,75.4,672.7,420.0,20.0,21.8,91.7,16.4,20.0,81.8,3.64,9.09,40.0,0.00,0.09,-0.09,3.64,4.55,1.82,0.91,10.0,Matches
172,Idrissa Gana Gueye\Idrissa-Gana-Gueye,sn SEN,MF,Everton,27,1989,30.6,43.1,51.7,83.4,760.9,200.2,19.2,21.9,88.0,18.6,21.4,87.2,4.38,6.54,67.0,0.03,0.04,-0.00,0.49,4.51,0.29,0.10,3.43,Matches
173,Dwight Gayle\Dwight-Gayle,eng ENG,FW,Newcastle Utd,26,1990,21.8,14.5,19.8,73.4,203.9,40.5,8.99,11.7,76.9,3.99,5.14,77.7,0.83,1.56,52.9,0.14,0.10,0.04,0.92,0.87,0.28,0.00,1.10,Matches
174,Paulo Gazzaniga\Paulo-Gazzaniga,ar ARG,GK,Tottenham,25,1992,1.0,14.0,19.0,73.7,404.0,180.0,1.00,1.00,100.0,8.00,8.00,100.0,5.00,10.0,50.0,0.00,0.00,0.00,0.00,0.00,0.00,0.00,0.00,Matches
175,David de Gea\David-de-Gea,es ESP,GK,Manchester Utd,26,1990,37.0,14.4,23.2,62.2,523.6,390.1,1.65,1.65,100.0,6.16,6.22,99.1,6.54,15.2,43.0,0.00,0.00,-0.00,0.03,0.27,0.00,0.00,0.00,Matches
176,Kieran Gibbs\Kieran-Gibbs,eng ENG,DF,West Brom,27,1989,31.4,31.2,43.0,72.6,538.4,225.8,14.1,16.3,86.4,13.7,18.5,74.0,2.58,6.50,39.7,0.03,0.06,-0.03,0.73,1.88,0.89,0.51,2.61,Matches
177,Olivier Giroud\Olivier-Giroud,fr FRA,FW,Arsenal,30,1986,4.3,22.1,31.2,70.9,248.8,32.6,14.4,19.5,73.8,4.19,6.51,64.3,0.47,0.70,66.7,0.23,0.21,0.02,1.86,0.70,0.93,0.00,1.40,Matches
178,Olivier Giroud\Olivier-Giroud,fr FRA,FW,Chelsea,30,1986,6.8,20.9,32.1,65.1,269.1,56.2,12.5,18.1,69.1,4.56,7.50,60.8,1.62,2.35,68.8,0.15,0.16,-0.01,1.76,1.32,0.88,0.00,1.91,Matches
179,Connor Goldson\Connor-Goldson,eng ENG,DF,Brighton,24,1992,2.2,29.1,40.0,72.7,694.5,255.5,7.27,9.55,76.2,14.1,17.3,81.6,7.27,12.3,59.3,0.00,0.00,0.00,0.00,2.27,0.00,0.00,2.27,Matches
180,Heurelho Gomes\Heurelho-Gomes,br BRA,GK,Watford,36,1981,23.6,14.1,24.7,57.2,591.9,443.5,1.36,1.36,100.0,4.41,4.49,98.1,8.35,18.8,44.4,0.00,0.00,0.00,0.00,0.59,0.00,0.00,0.00,Matches
181,Joe Gomez\Joe-Gomez,eng ENG,DF,Liverpool,20,1997,21.1,60.4,74.3,81.4,1155.5,430.6,22.1,24.7,89.5,30.8,36.2,85.1,7.06,12.1,58.4,0.09,0.06,0.03,0.71,5.92,0.90,0.38,6.35,Matches
182,Dan Gosling\Dan-Gosling,eng ENG,MF,Bournemouth,27,1990,21.6,37.8,48.4,78.0,684.7,190.3,15.4,18.5,83.2,16.5,20.1,82.3,4.49,6.94,64.7,0.05,0.04,0.00,0.69,3.98,0.65,0.09,4.95,Matches
183,Lee Grant\Lee-Grant,eng ENG,GK,Stoke City,34,1983,3.0,15.0,23.7,63.4,658.3,473.7,2.00,2.00,100.0,3.67,3.67,100.0,9.33,18.0,51.9,0.00,0.00,0.00,0.00,1.00,0.00,0.00,0.00,Matches
184,Andre Gray\Andre-Gray,eng ENG,FW,Watford,26,1991,16.6,12.9,18.3,70.6,195.3,27.7,7.05,9.40,75.0,4.16,5.96,69.7,0.90,1.08,83.3,0.12,0.10,0.02,0.84,0.84,0.36,0.00,0.96,Matches
185,Demarai Gray\Demarai-Gray,eng ENG,MFFW,Leicester City,21,1996,18.9,24.3,34.4,70.7,431.1,88.4,11.4,13.8,82.8,8.84,11.6,76.3,3.07,6.51,47.2,0.05,0.17,-0.12,1.43,1.43,0.85,0.37,1.43,Matches
186,Pascal Groß\Pascal-Gross,de GER,MFFW,Brighton,26,1991,32.5,30.0,43.8,68.4,559.6,175.8,14.0,16.8,83.2,10.0,13.7,73.3,4.92,10.8,45.6,0.25,0.18,0.07,2.31,2.71,1.32,0.62,2.68,Matches
187,Marko Grujić\Marko-Grujic,rs SRB,MF,Liverpool,21,1996,0.2,65.0,80.0,81.3,1265.0,355.0,25.0,35.0,71.4,35.0,35.0,100.0,5.00,10.0,50.0,0.00,0.00,0.00,5.00,5.00,0.00,0.00,5.00,Matches
188,İlkay Gündoğan\Ilkay-Gundogan,de GER,MF,Manchester City,26,1990,16.9,74.6,81.8,91.2,1204.3,276.7,39.5,42.2,93.6,27.7,29.3,94.4,6.09,7.69,79.2,0.06,0.11,-0.05,1.18,6.63,1.89,0.00,6.86,Matches
189,Florent Hadergjonaj\Florent-Hadergjonaj,xk KVX,DFMF,Huddersfield,23,1994,18.6,30.8,47.6,64.7,589.5,277.9,13.6,16.4,83.0,11.6,17.5,66.2,5.05,12.2,41.4,0.05,0.09,-0.04,1.34,2.85,1.34,0.86,3.76,Matches
190,Massadio Haïdara\Massadio-Haidara,ml MLI,FWMF,Newcastle Utd,24,1992,0.0,2,2,100.0,22,0,1,1,100.0,1,1,100.0,0,0,,0,0.0,0.0,0,0,0,0,0,Matches
191,Ben Hamer\Ben-Hamer,eng ENG,GK,Leicester City,29,1987,3.1,13.9,21.3,65.2,501.6,357.7,1.61,1.94,83.3,5.81,5.81,100.0,6.45,13.5,47.6,0.00,0.00,0.00,0.00,0.97,0.00,0.00,0.00,Matches
192,Rekeem Harper\Rekeem-Harper,eng ENG,MF,West Brom,17,2000,0.2,20.0,25.0,80.0,510.0,185.0,5.00,5.00,100.0,10.0,15.0,66.7,5.00,5.00,100.0,0.00,0.00,0.00,10.0,0.00,0.00,0.00,0.00,Matches
193,Joe Hart\Joe-Hart,eng ENG,GK,West Ham,30,1987,19.0,12.8,25.7,49.9,631.8,501.3,0.74,0.79,93.3,2.74,2.79,98.1,9.37,22.1,42.5,0.05,0.04,0.02,0.05,1.37,0.11,0.00,0.00,Matches
194,Isaac Hayden\Isaac-Hayden,eng ENG,MF,Newcastle Utd,22,1995,15.3,25.7,34.6,74.2,425.6,110.1,12.2,15.0,81.3,11.0,13.7,80.0,1.83,3.53,51.9,0.00,0.07,-0.07,0.78,2.35,0.72,0.39,2.09,Matches
195,Eden Hazard\Eden-Hazard,be BEL,FWMF,Chelsea,26,1991,26.9,43.5,52.9,82.2,778.2,211.1,22.2,26.4,84.2,13.5,16.1,83.9,6.47,7.51,86.1,0.15,0.26,-0.12,3.09,4.20,3.05,0.30,7.06,Matches
196,Tom Heaton\Tom-Heaton,eng ENG,GK,Burnley,31,1986,3.4,15.3,27.1,56.5,682.9,516.5,0.29,0.29,100.0,5.88,5.88,100.0,9.12,20.9,43.7,0.00,0.00,0.00,0.00,1.76,0.00,0.00,0.00,Matches
197,Michael Hefele\Michael-Hefele,de GER,DF,Huddersfield,26,1990,0.4,20.0,22.5,88.9,315.0,77.5,10.0,12.5,80.0,10.0,10.0,100.0,0.00,0.00,,0.00,0.00,0.00,0.00,2.50,0.00,0.00,2.50,Matches
198,Ahmed Hegazi\Ahmed-Hegazi,eg EGY,DF,West Brom,26,1991,37.6,22.8,32.0,71.2,553.4,242.9,5.37,6.68,80.5,10.8,13.4,80.6,6.25,10.8,57.9,0.00,0.01,-0.01,0.16,1.68,0.29,0.08,1.78,Matches
199,Tomer Hemed\Tomer-Hemed,il ISR,FW,Brighton,30,1987,9.4,16.6,25.7,64.5,224.9,44.8,10.5,14.9,70.7,4.68,7.13,65.7,0.64,1.49,42.9,0.21,0.03,0.18,0.43,1.06,0.11,0.00,1.60,Matches
200,Jordan Henderson\Jordan-Henderson,eng ENG,MF,Liverpool,27,1990,24.1,71.8,85.7,83.8,1541.1,362.3,22.7,24.9,91.2,34.2,38.9,88.0,14.0,19.8,70.9,0.04,0.08,-0.04,0.95,9.38,1.37,0.04,7.76,Matches
201,Jeff Hendrick\Jeff-Hendrick,ie IRL,MFFW,Burnley,25,1992,25.9,24.3,31.4,77.6,408.7,71.0,11.6,13.9,83.8,9.38,11.4,82.1,2.43,4.02,60.6,0.08,0.06,0.02,0.89,1.78,0.66,0.08,1.93,Matches
202,Wayne Hennessey\Wayne-Hennessey,wal WAL,GK,Crystal Palace,30,1987,27.0,12.3,24.3,50.5,599.4,493.1,0.93,0.96,96.2,3.19,3.22,98.9,8.11,20.0,40.5,0.00,0.00,0.00,0.00,1.30,0.00,0.00,0.00,Matches
203,Javier Hernández\Javier-Hernandez,mx MEX,FW,West Ham,29,1988,17.2,16.1,22.0,73.1,267.6,41.7,8.60,11.0,77.9,4.65,6.05,76.9,2.09,3.14,66.7,0.00,0.10,-0.10,1.16,1.10,0.87,0.35,1.40,Matches
204,Ander Herrera\Ander-Herrera,es ESP,MF,Manchester Utd,27,1989,14.1,64.4,74.0,87.0,1095.2,306.7,29.9,32.1,93.2,25.6,28.4,90.3,6.60,10.6,62.0,0.14,0.09,0.06,0.71,6.60,0.78,0.07,5.53,Matches
205,Son Heung-min\Son-Heung-min,kr KOR,FWMF,Tottenham,25,1992,25.7,30.4,37.9,80.1,434.9,91.7,17.4,20.3,85.8,10.6,12.8,82.9,1.13,2.33,48.3,0.23,0.18,0.05,1.32,1.25,1.09,0.23,2.37,Matches
206,Wesley Hoedt\Wesley-Hoedt,nl NED,DF,Southampton,23,1994,28.0,37.1,48.4,76.7,919.1,368.8,9.75,11.4,85.8,17.3,20.8,83.2,9.93,15.6,63.6,0.04,0.03,0.00,0.36,5.21,0.14,0.04,4.36,Matches
207,Jonathan Hogg\Jonathan-Hogg,eng ENG,MF,Huddersfield,28,1988,26.6,43.6,51.8,84.1,835.5,194.8,16.8,19.4,86.8,20.0,22.3,89.6,6.02,8.46,71.1,0.00,0.02,-0.02,0.34,3.83,0.26,0.00,3.38,Matches
208,Rob Holding\Rob-Holding,eng ENG,DF,Arsenal,21,1995,9.1,54.7,65.3,83.8,1168.9,367.6,15.6,18.7,83.5,28.8,31.8,90.7,9.78,13.6,71.8,0.00,0.00,0.00,0.22,4.18,0.11,0.00,3.19,Matches
209,José Holebas\Jose-Holebas,gr GRE,DFMF,Watford,33,1984,26.5,33.0,56.6,58.3,646.9,332.1,14.0,16.9,83.0,12.8,19.9,64.1,5.58,17.1,32.7,0.15,0.15,0.00,1.47,2.34,0.79,0.49,3.13,Matches
210,Mason Holgate\Mason-Holgate,eng ENG,DF,Everton,20,1996,13.2,27.7,41.3,67.2,633.0,274.6,8.11,10.5,77.0,12.9,16.6,77.6,6.44,13.0,49.7,0.00,0.04,-0.04,0.61,2.95,0.53,0.08,3.48,Matches
211,Callum Hudson-Odoi\Callum-Hudson-Odoi,eng ENG,FW,Chelsea,16,2000,0.3,43.3,53.3,81.3,913.3,226.7,6.67,10.0,66.7,30.0,33.3,90.0,3.33,6.67,50.0,0.00,0.00,0.00,0.00,6.67,3.33,0.00,6.67,Matches
212,Will Hughes\Will-Hughes,eng ENG,MFFW,Watford,22,1995,11.0,29.0,38.1,76.1,425.5,114.4,16.1,19.1,84.3,8.82,11.4,77.6,2.18,4.82,45.3,0.27,0.15,0.13,1.64,2.45,1.18,0.09,3.45,Matches
213,Jordan Hugill\Jordan-Hugill,eng ENG,FW,West Ham,25,1992,0.3,10.0,26.7,37.5,120.0,0.00,6.67,13.3,50.0,3.33,13.3,25.0,0.00,0.00,,0.00,0.00,0.00,0.00,0.00,0.00,0.00,0.00,Matches
214,Uwe Hünemeier\Uwe-Hunemeier,de GER,DF,Brighton,31,1986,0.2,5.00,25.0,20.0,240.0,0.00,0.00,10.0,0.0,0.00,0.00,,5.00,15.0,33.3,0.00,0.00,0.00,0.00,0.00,0.00,0.00,0.00,Matches
215,Emerson Hyndman\Emerson-Hyndman,us USA,MF,Bournemouth,21,1996,0.6,38.3,43.3,88.5,601.7,141.7,15.0,15.0,100.0,20.0,21.7,92.3,1.67,5.00,33.3,0.00,0.00,0.00,1.67,1.67,0.00,0.00,5.00,Matches
216,Pierre Højbjerg\Pierre-Hojbjerg,dk DEN,MF,Southampton,21,1995,18.6,50.1,60.4,82.9,934.4,194.1,20.5,23.2,88.2,21.8,25.2,86.8,6.34,9.41,67.4,0.00,0.04,-0.04,0.65,4.35,0.59,0.22,3.66,Matches
217,Jordon Ibe\Jordon-Ibe,eng ENG,MFFW,Bournemouth,21,1995,22.2,26.1,35.6,73.4,421.7,123.9,14.0,16.9,82.9,8.42,10.5,79.9,2.79,5.27,53.0,0.27,0.17,0.10,1.53,1.40,1.17,0.23,3.06,Matches
218,Vicente Iborra\Vicente-Iborra,es ESP,MF,Leicester City,29,1988,15.7,43.0,53.3,80.6,835.4,211.0,16.4,19.9,82.4,19.9,23.4,85.0,5.92,8.34,71.0,0.00,0.01,-0.01,0.38,4.08,0.38,0.00,3.89,Matches
219,Zlatan Ibrahimović\Zlatan-Ibrahimovic,se SWE,MFFW,Manchester Utd,35,1981,1.2,46.7,65.0,71.8,765.8,196.7,24.2,31.7,76.3,18.3,24.2,75.9,3.33,6.67,50.0,0.00,0.17,-0.17,1.67,5.00,3.33,0.00,7.50,Matches
220,Kelechi Iheanacho\Kelechi-Iheanacho,ng NGA,FWMF,Leicester City,20,1996,9.2,20.3,26.5,76.6,312.8,77.2,11.7,14.8,79.4,5.33,6.63,80.3,2.39,3.70,64.7,0.33,0.23,0.10,1.20,0.98,1.30,0.11,2.28,Matches
221,Tom Ince\Tom-Ince,eng ENG,MFFW,Huddersfield,25,1992,27.2,20.4,26.9,75.7,343.2,64.7,10.0,11.7,86.1,7.90,9.12,86.7,2.02,4.49,45.1,0.00,0.05,-0.05,0.66,1.21,0.59,0.18,1.29,Matches
222,Danny Ings\Danny-Ings,eng ENG,FW,Liverpool,25,1992,3.0,17.0,26.3,64.6,295.7,48.0,9.00,12.3,73.0,5.67,8.00,70.8,2.00,3.00,66.7,0.00,0.07,-0.07,1.00,0.67,1.33,0.00,2.00,Matches
223,Stephen Ireland\Stephen-Ireland,ie IRL,MF,Stoke City,30,1986,1.5,38.0,46.7,81.4,596.7,137.3,20.0,22.0,90.9,14.7,16.0,91.7,2.67,6.67,40.0,0.00,0.00,0.00,0.67,4.67,0.00,0.00,4.67,Matches
224,Alex Iwobi\Alex-Iwobi,ng NGA,FWMF,Arsenal,21,1996,20.3,48.6,56.7,85.7,812.6,222.7,23.6,25.7,92.0,19.1,22.5,84.9,4.58,5.96,76.9,0.25,0.18,0.07,1.82,4.48,1.67,0.10,5.86,Matches
225,José Izquierdo\Jose-Izquierdo,co COL,MFFW,Brighton,25,1992,22.0,19.1,24.5,77.9,259.5,71.4,11.8,13.8,85.2,5.68,7.36,77.2,0.59,1.41,41.9,0.14,0.10,0.04,0.86,0.82,0.59,0.18,1.77,Matches
226,Phil Jagielka\Phil-Jagielka,eng ENG,DF,Everton,34,1982,22.9,32.7,44.3,73.7,799.4,247.9,8.03,9.52,84.4,14.9,18.1,82.4,9.30,15.7,59.3,0.00,0.00,0.00,0.04,3.10,0.22,0.00,2.01,Matches
227,Eldin Jakupović\Eldin-Jakupovic,ch SUI,GK,Leicester City,32,1984,2.0,11.0,20.0,55.0,504.5,357.0,0.00,0.00,,4.00,4.50,88.9,7.00,15.5,45.2,0.00,0.00,0.00,0.00,0.50,0.00,0.00,0.00,Matches
228,Matty James\Matty-James,eng ENG,MF,Leicester City,26,1991,11.0,31.9,39.2,81.4,545.5,119.5,14.3,16.6,85.8,13.6,16.2,84.3,2.91,4.73,61.5,0.00,0.01,-0.01,0.18,2.09,0.18,0.00,1.91,Matches
229,Daryl Janmaat\Daryl-Janmaat,nl NED,DF,Watford,28,1989,20.2,35.4,50.0,70.8,663.8,293.3,16.3,18.7,87.5,12.9,18.5,69.5,5.50,11.4,48.3,0.00,0.05,-0.05,0.59,4.01,1.39,0.74,4.85,Matches
230,Vincent Janssen\Vincent-Janssen,nl NED,DF,Tottenham,23,1994,0.0,0,0,,0,0,0,0,,0,0,,0,0,,0,0.0,0.0,0,0,0,0,0,Matches
231,Jesé\Jese,es ESP,FWMF,Stoke City,24,1993,6.8,17.2,23.7,72.7,279.1,67.8,9.12,11.6,78.5,5.00,6.03,82.9,2.21,4.12,53.6,0.15,0.10,0.04,1.32,0.88,1.03,0.00,1.76,Matches
232,Gabriel Jesus\Gabriel-Jesus,br BRA,FW,Manchester City,20,1997,18.5,25.1,31.1,80.7,341.7,44.3,15.5,18.1,85.7,7.14,8.97,79.5,0.92,1.19,77.3,0.16,0.12,0.04,0.86,1.19,0.65,0.00,1.35,Matches
233,Glen Johnson\Glen-Johnson,eng ENG,DF,Stoke City,32,1984,6.1,23.3,36.7,63.4,524.4,269.8,7.87,9.34,84.2,10.2,14.6,69.7,4.92,11.3,43.5,0.00,0.05,-0.05,0.49,3.93,1.31,0.16,3.11,Matches
234,Phil Jones\Phil-Jones,eng ENG,DF,Manchester Utd,25,1992,21.9,45.4,50.6,89.7,954.4,244.8,13.0,14.2,91.6,23.6,25.2,93.5,8.17,10.2,80.3,0.00,0.00,0.00,0.05,2.24,0.05,0.00,1.37,Matches
235,Joselu\Joselu,es ESP,FW,Newcastle Utd,27,1990,19.0,20.2,31.8,63.6,277.5,66.7,12.8,19.1,67.2,5.21,8.47,61.5,1.21,2.05,59.0,0.05,0.03,0.03,0.74,2.21,0.37,0.00,1.95,Matches
236,Mathias Jørgensen\Mathias-Jorgensen,dk DEN,DF,Huddersfield,27,1990,38.0,31.1,40.8,76.1,667.6,259.7,9.21,11.0,83.9,15.3,18.4,83.1,6.11,10.4,58.4,0.05,0.02,0.04,0.13,3.08,0.05,0.00,3.11,Matches
237,Christian Kabasele\Christian-Kabasele,be BEL,DF,Watford,26,1991,25.9,25.5,34.7,73.4,578.0,246.7,6.76,8.26,81.8,12.5,15.3,82.0,5.87,10.3,56.9,0.00,0.00,0.00,0.08,2.01,0.19,0.00,2.51,Matches
238,Younès Kaboul\Younes-Kaboul,fr FRA,DF,Watford,31,1986,1.7,32.4,48.8,66.3,834.7,382.9,7.65,11.8,65.0,15.3,17.6,86.7,9.41,17.6,53.3,0.00,0.00,0.00,0.00,5.29,0.00,0.00,2.94,Matches
239,Elias Kachunga\Elias-Kachunga,cd COD,FWMF,Huddersfield,25,1992,14.8,15.3,24.0,63.7,208.1,43.6,9.59,12.1,79.3,4.19,7.09,59.0,0.68,1.89,35.7,0.07,0.05,0.02,0.54,0.61,0.47,0.20,1.15,Matches
240,Sullay Kaikai\Sullay-Kaikai,eng ENG,MF,Crystal Palace,21,1995,0.2,15.0,40.0,37.5,260.0,25.0,10.0,15.0,66.7,5.00,10.0,50.0,0.00,15.0,0.0,0.00,0.00,0.00,0.00,0.00,0.00,0.00,0.00,Matches
241,Harry Kane\Harry-Kane,eng ENG,FW,Tottenham,24,1993,34.2,13.9,20.0,69.7,268.8,66.2,6.52,8.60,75.9,4.65,6.37,72.9,2.25,3.54,63.6,0.06,0.08,-0.02,0.91,1.40,0.67,0.06,1.90,Matches
242,N'Golo Kanté\NGolo-Kante,fr FRA,MF,Chelsea,26,1991,33.3,57.0,64.4,88.6,1035.6,243.2,23.2,25.6,90.5,26.5,28.4,93.1,6.07,8.11,74.8,0.03,0.07,-0.04,1.08,5.95,1.26,0.06,6.52,Matches
243,Loris Karius\Loris-Karius,de GER,GK,Liverpool,24,1993,19.0,20.2,28.1,71.9,550.2,353.3,3.58,3.58,100.0,10.5,10.6,99.5,6.05,13.8,43.7,0.00,0.00,0.00,0.00,0.16,0.00,0.00,0.00,Matches
244,Orestis Karnezis\Orestis-Karnezis,gr GRE,GK,Watford,32,1985,14.4,9.93,21.8,45.5,475.6,380.3,0.28,0.28,100.0,2.43,2.43,100.0,7.15,19.0,37.7,0.00,0.00,0.00,0.00,0.83,0.00,0.00,0.00,Matches
245,Beram Kayal\Beram-Kayal,il ISR,MF,Brighton,29,1988,8.3,22.4,28.6,78.5,391.1,103.5,10.0,11.8,84.7,8.92,11.1,80.4,2.53,4.22,60.0,0.00,0.12,-0.12,1.20,2.17,0.48,0.24,2.41,Matches
246,Michael Keane\Michael-Keane,eng ENG,DF,Everton,24,1993,28.4,32.4,43.0,75.4,766.9,293.0,7.71,9.51,81.1,16.5,19.8,83.8,7.92,12.4,63.9,0.04,0.02,0.02,0.18,2.92,0.11,0.00,2.46,Matches
247,Martin Kelly\Martin-Kelly,eng ENG,DF,Crystal Palace,27,1990,13.3,20.5,28.8,71.3,441.4,182.7,6.24,7.22,86.5,10.0,12.1,82.6,3.76,8.42,44.6,0.00,0.00,0.00,0.08,1.65,0.08,0.00,1.35,Matches
248,Kenedy\Kenedy,br BRA,MFFW,Newcastle Utd,21,1996,11.4,26.5,36.0,73.7,432.7,155.8,13.5,16.3,82.8,9.39,12.2,77.0,2.46,5.00,49.1,0.18,0.18,-0.01,1.14,1.49,1.14,0.35,2.28,Matches
249,Jonjoe Kenny\Jonjoe-Kenny,eng ENG,DF,Everton,20,1997,17.7,32.5,47.8,68.0,619.0,305.3,14.2,16.6,85.7,12.7,18.0,70.5,4.92,11.0,44.8,0.06,0.06,0.00,0.51,3.22,0.79,0.56,3.56,Matches
250,Andy King\Andy-King,wal WAL,MF,Swansea City,28,1988,7.9,36.7,44.9,81.7,697.6,171.5,15.4,16.7,92.4,15.3,18.4,83.4,5.19,8.48,61.2,0.13,0.01,0.11,0.38,4.43,1.01,0.25,4.05,Matches
251,Andy King\Andy-King,wal WAL,MF,Leicester City,28,1988,6.0,27.2,36.7,74.1,475.7,120.5,11.3,14.0,81.0,10.8,14.2,76.5,3.67,6.67,55.0,0.00,0.00,0.00,0.33,3.50,0.00,0.00,1.83,Matches
252,Joshua King\Joshua-King,no NOR,FWMF,Bournemouth,25,1992,27.3,18.9,26.5,71.4,292.9,71.0,9.85,12.7,77.5,7.33,9.93,73.8,1.06,1.83,58.0,0.11,0.16,-0.05,1.39,1.39,1.25,0.26,2.31,Matches
253,Davy Klaassen\Davy-Klaassen,nl NED,MFFW,Everton,24,1993,2.8,27.1,35.4,76.8,512.5,127.1,9.64,13.9,69.2,13.2,15.4,86.0,3.21,3.57,90.0,0.00,0.04,-0.04,0.71,1.79,0.71,0.00,3.21,Matches
254,Ragnar Klavan\Ragnar-Klavan,ee EST,DF,Liverpool,31,1985,16.1,65.9,73.6,89.5,1413.3,419.4,16.3,18.1,90.1,39.1,41.6,94.0,9.94,12.9,77.3,0.00,0.01,-0.01,0.19,4.47,0.37,0.00,3.54,Matches
255,Anthony Knockaert\Anthony-Knockaert,fr FRA,MFFW,Brighton,25,1991,26.9,31.3,40.2,77.8,539.6,136.9,15.9,18.3,86.6,11.0,13.5,81.3,3.53,6.39,55.2,0.04,0.09,-0.06,1.41,1.78,0.82,0.15,2.94,Matches
256,Sead Kolašinac\Sead-Kolasinac,ba BIH,DFMF,Arsenal,24,1993,23.9,48.2,60.8,79.3,786.8,288.3,23.1,27.4,84.6,20.8,24.9,83.7,3.14,5.61,56.0,0.17,0.10,0.07,0.79,3.31,0.84,0.29,4.69,Matches
257,Vincent Kompany\Vincent-Kompany,be BEL,DF,Manchester City,31,1986,15.5,82.8,90.5,91.5,1765.9,564.1,23.3,25.4,91.9,44.1,46.5,94.9,15.0,17.9,83.8,0.06,0.02,0.05,0.26,6.97,0.13,0.00,4.06,Matches
258,Terence Kongolo\Terence-Kongolo,nl NED,DF,Huddersfield,23,1994,11.7,22.3,33.9,65.7,406.2,198.7,10.1,13.4,75.2,8.21,11.9,69.1,3.59,6.67,53.8,0.00,0.03,-0.03,0.26,2.31,0.34,0.09,2.91,Matches
259,Laurent Koscielny\Laurent-Koscielny,fr FRA,DF,Arsenal,31,1985,24.7,60.9,69.3,87.9,1386.0,482.1,15.8,17.7,89.2,31.1,34.0,91.5,13.6,16.8,81.4,0.00,0.02,-0.02,0.28,6.07,0.12,0.04,4.29,Matches
260,Cheikhou Kouyaté\Cheikhou-Kouyate,sn SEN,MF,West Ham,27,1989,31.1,24.1,32.4,74.4,365.6,95.0,13.4,16.4,82.0,8.23,11.1,74.2,1.58,2.80,56.3,0.10,0.03,0.07,0.48,1.58,0.10,0.06,1.61,Matches
261,Bojan Krkić\Bojan-Krkic,es ESP,MF,Stoke City,26,1990,0.8,26.3,31.3,84.0,403.8,85.0,13.8,15.0,91.7,8.75,10.0,87.5,2.50,2.50,100.0,0.00,0.00,0.00,1.25,1.25,0.00,0.00,2.50,Matches
262,Grzegorz Krychowiak\Grzegorz-Krychowiak,pl POL,MF,West Brom,27,1990,18.2,34.3,44.1,77.7,661.8,172.4,14.0,16.6,84.1,14.8,18.0,82.3,4.89,7.86,62.2,0.11,0.09,0.02,0.77,3.74,0.55,0.05,3.63,Matches
263,Rajiv van La Parra\Rajiv-van-La-Parra,nl NED,FWMF,Huddersfield,26,1991,23.7,22.0,30.7,71.7,344.0,80.5,11.4,14.1,80.9,8.52,10.9,78.0,1.39,3.25,42.9,0.00,0.05,-0.05,0.68,1.01,0.84,0.38,2.32,Matches
264,Alexandre Lacazette\Alexandre-Lacazette,fr FRA,FW,Arsenal,26,1991,24.5,21.7,28.7,75.4,299.6,55.0,12.9,15.9,81.3,6.16,8.41,73.3,1.22,1.92,63.8,0.16,0.13,0.03,1.39,0.65,1.39,0.24,1.67,Matches
265,Freddie Ladapo\Freddie-Ladapo,eng ENG,FW,Crystal Palace,24,1993,0.2,25.0,45.0,55.6,300.0,70.0,20.0,30.0,66.7,5.00,15.0,33.3,0.00,0.00,,0.00,0.00,0.00,0.00,0.00,0.00,0.00,0.00,Matches
266,Adam Lallana\Adam-Lallana,eng ENG,MFFW,Liverpool,29,1988,3.4,55.6,65.3,85.1,787.9,243.5,33.5,36.8,91.2,17.6,18.8,93.8,1.76,4.41,40.0,0.00,0.12,-0.12,2.06,6.76,2.65,0.59,8.24,Matches
267,Érik Lamela\Erik-Lamela,ar ARG,FWMF,Tottenham,25,1992,9.4,39.0,49.3,79.3,623.5,118.5,19.5,23.1,84.3,15.3,17.4,87.8,3.09,5.74,53.7,0.21,0.16,0.05,1.60,2.45,1.38,0.00,3.09,Matches
268,Manuel Lanzini\Manuel-Lanzini,ar ARG,MFFW,West Ham,24,1993,22.7,46.6,56.0,83.1,747.8,202.1,24.2,26.7,90.6,16.8,19.2,87.8,4.14,7.80,53.1,0.26,0.16,0.10,1.72,4.10,1.67,0.18,5.37,Matches
269,Aymeric Laporte\Aymeric-Laporte,fr FRA,DF,Manchester City,23,1994,9.0,82.2,89.8,91.6,1653.2,612.6,31.9,33.7,94.7,37.4,39.7,94.4,12.4,14.9,83.6,0.00,0.01,-0.01,0.22,7.78,0.44,0.11,6.67,Matches
270,Jamaal Lascelles\Jamaal-Lascelles,eng ENG,DF,Newcastle Utd,23,1993,32.5,27.4,35.9,76.4,570.1,220.4,9.08,10.9,83.1,12.7,15.1,84.3,5.26,8.80,59.8,0.00,0.01,-0.01,0.15,2.06,0.09,0.00,2.25,Matches
271,Florian Lejeune\Florian-Lejeune,fr FRA,DF,Newcastle Utd,26,1991,23.4,34.6,45.3,76.4,809.3,310.5,9.70,11.1,87.3,16.2,19.0,85.2,8.25,13.8,59.6,0.09,0.06,0.03,0.30,3.38,0.04,0.00,2.31,Matches
272,Mario Lemina\Mario-Lemina,ga GAB,MF,Southampton,23,1993,19.1,45.2,52.5,86.1,873.1,184.8,17.0,19.2,88.6,21.2,23.2,91.4,6.44,9.27,69.5,0.05,0.02,0.03,0.47,4.29,0.37,0.10,3.51,Matches
273,Aaron Lennon\Aaron-Lennon,eng ENG,FWMF,Everton,30,1987,8.8,16.8,24.5,68.5,261.0,74.5,10.1,12.6,80.2,5.80,8.18,70.8,0.80,1.70,46.7,0.00,0.06,-0.06,0.57,1.25,0.23,0.11,1.82,Matches
274,Aaron Lennon\Aaron-Lennon,eng ENG,MFFW,Burnley,30,1987,12.4,16.3,23.5,69.2,263.5,68.1,8.55,10.6,80.9,6.37,8.95,71.2,1.05,2.18,48.1,0.16,0.09,0.07,0.65,0.81,0.81,0.16,1.69,Matches
275,Victor Lindelöf\Victor-Lindelof,se SWE,DF,Manchester Utd,23,1994,14.3,48.5,53.9,89.9,918.0,322.4,16.8,18.1,92.7,25.1,27.2,92.3,5.52,6.99,79.0,0.00,0.02,-0.02,0.14,2.59,0.14,0.00,2.73,Matches
276,Jesse Lingard\Jesse-Lingard,eng ENG,MFFW,Manchester Utd,24,1992,20.2,40.6,48.2,84.3,595.7,129.5,23.1,25.7,89.8,12.4,14.7,84.2,2.72,4.21,64.7,0.25,0.15,0.10,1.34,3.12,1.14,0.05,3.47,Matches
277,Jake Livermore\Jake-Livermore,eng ENG,MF,West Brom,27,1989,29.7,29.3,37.9,77.4,591.8,155.2,10.1,12.4,82.0,13.9,16.5,84.3,4.92,7.74,63.5,0.07,0.07,0.00,0.67,4.01,0.37,0.17,3.57,Matches
278,Fernando Llorente\Fernando-Llorente,es ESP,FWDF,Tottenham,32,1985,2.6,21.5,31.9,67.5,240.0,44.6,16.2,21.2,76.4,4.62,8.46,54.5,0.00,0.38,0.0,0.00,0.12,-0.12,1.92,0.38,0.77,0.00,1.92,Matches
279,Hugo Lloris\Hugo-Lloris,fr FRA,GK,Tottenham,30,1986,36.0,20.8,26.6,78.2,621.5,345.6,1.78,1.81,98.5,10.8,11.0,98.7,8.11,13.7,59.2,0.00,0.00,0.00,0.00,0.17,0.03,0.00,0.00,Matches
280,Jürgen Locadia\Jurgen-Locadia,nl NED,FWMF,Brighton,23,1993,2.5,14.0,20.0,70.0,270.8,72.0,6.40,8.40,76.2,4.40,6.40,68.8,2.00,2.40,83.3,0.40,0.04,0.36,0.40,1.60,0.00,0.00,2.00,Matches
281,Ruben Loftus-Cheek\Ruben-Loftus-Cheek,eng ENG,MFFW,Crystal Palace,21,1996,20.8,28.0,34.2,81.9,423.5,131.2,15.7,17.8,88.1,9.52,11.1,85.7,1.54,2.79,55.2,0.14,0.13,0.02,1.11,2.79,1.44,0.10,3.75,Matches
282,Joe Lolley\Joe-Lolley,eng ENG,MFFW,Huddersfield,24,1992,2.5,20.4,30.4,67.1,366.4,133.2,10.4,12.4,83.9,7.20,11.6,62.1,2.80,5.60,50.0,0.00,0.04,-0.04,0.40,4.00,0.80,0.40,3.60,Matches
283,Kevin Long\Kevin-Long,ie IRL,DF,Burnley,26,1990,16.0,25.0,36.3,68.8,607.8,220.8,5.63,8.13,69.2,12.4,15.9,78.0,6.69,11.3,59.4,0.13,0.06,0.07,0.13,1.81,0.06,0.00,1.81,Matches
284,Shane Long\Shane-Long,ie IRL,FW,Southampton,30,1987,17.6,15.3,23.7,64.4,222.9,36.7,8.86,12.2,72.6,4.89,7.50,65.2,0.91,1.99,45.7,0.06,0.08,-0.02,1.08,0.85,0.40,0.23,1.14,Matches
285,Ademola Lookman\Ademola-Lookman,eng ENG,MFFW,Everton,19,1997,1.8,21.1,26.7,79.2,317.8,74.4,12.8,15.6,82.1,6.67,7.22,92.3,1.67,2.22,75.0,0.00,0.39,-0.39,1.11,1.11,0.00,0.00,2.22,Matches
286,Jonas Lössl\Jonas-Lossl,dk DEN,GK,Huddersfield,28,1989,38.0,18.1,30.9,58.7,769.3,562.8,0.92,0.97,94.6,6.18,6.26,98.7,11.0,23.6,46.6,0.03,0.01,0.01,0.11,0.97,0.05,0.05,0.05,Matches
287,Dejan Lovren\Dejan-Lovren,hr CRO,DF,Liverpool,28,1989,23.6,65.5,74.5,87.9,1402.2,435.3,16.5,18.3,89.8,37.7,40.6,92.7,10.8,14.7,74.0,0.04,0.06,-0.02,0.30,3.90,0.38,0.08,3.56,Matches
288,Chris Löwe\Chris-Lowe,de GER,DF,Huddersfield,28,1989,17.6,32.7,47.8,68.4,636.4,265.9,14.0,16.3,86.1,13.2,18.2,72.8,5.17,11.7,44.2,0.00,0.03,-0.03,0.28,2.50,0.40,0.23,3.01,Matches
289,Matthew Lowton\Matthew-Lowton,eng ENG,DF,Burnley,28,1989,25.5,30.0,45.2,66.4,650.8,273.1,10.1,12.2,82.9,13.6,18.6,73.3,6.04,13.0,46.4,0.12,0.06,0.06,0.55,2.55,0.90,0.51,2.59,Matches
290,David Luiz\David-Luiz,br BRA,DFMF,Chelsea,30,1987,9.3,44.3,53.1,83.4,1067.7,291.4,10.1,11.4,88.7,21.3,24.0,88.8,12.7,17.1,74.2,0.00,0.01,-0.01,0.22,3.87,0.22,0.00,2.90,Matches
291,Romelu Lukaku\Romelu-Lukaku,be BEL,FW,Manchester Utd,24,1993,31.9,15.5,23.4,66.3,218.2,49.6,9.81,12.3,79.6,3.92,7.34,53.4,0.97,1.66,58.5,0.22,0.16,0.06,1.00,1.10,1.13,0.19,1.72,Matches
292,Dodi Lukebakio\Dodi-Lukebakio,be BEL,MF,Watford,19,1997,0.2,30.0,40.0,75.0,630.0,235.0,15.0,15.0,100.0,5.00,10.0,50.0,10.0,15.0,66.7,0.00,0.00,0.00,5.00,10.0,0.00,0.00,10.0,Matches
293,Levi Lumeka\Levi-Lumeka,eng ENG,FW,Crystal Palace,18,1998,0.3,16.7,36.7,45.5,160.0,70.0,13.3,16.7,80.0,3.33,6.67,50.0,0.00,6.67,0.0,0.00,0.00,0.00,0.00,3.33,0.00,0.00,3.33,Matches
294,Harry Maguire\Harry-Maguire,eng ENG,DF,Leicester City,24,1993,38.0,35.2,45.4,77.4,832.6,297.7,9.11,11.2,81.4,17.1,19.9,86.0,8.66,13.4,64.5,0.11,0.04,0.06,0.34,3.95,0.18,0.03,2.89,Matches
295,Riyad Mahrez\Riyad-Mahrez,dz ALG,MFFW,Leicester City,26,1991,32.8,32.3,44.1,73.2,643.9,210.5,14.0,16.6,84.2,11.2,14.6,76.7,6.04,10.4,58.1,0.30,0.24,0.06,1.89,3.72,1.52,0.21,4.57,Matches
296,Ainsley Maitland-Niles\Ainsley-Maitland-Niles,eng ENG,DFMF,Arsenal,19,1997,10.2,49.1,58.8,83.5,821.2,271.1,24.8,27.5,90.4,18.3,21.5,85.4,5.10,7.45,68.4,0.00,0.07,-0.07,0.59,3.04,1.67,0.29,3.82,Matches
297,Scott Malone\Scott-Malone,eng ENG,DF,Huddersfield,26,1991,12.4,37.0,54.1,68.4,711.7,298.5,15.2,19.3,79.1,15.3,21.0,72.8,5.81,11.2,51.8,0.08,0.04,0.04,0.81,2.66,0.97,0.32,3.79,Matches
298,Sadio Mané\Sadio-Mane,sn SEN,FWMF,Liverpool,25,1992,24.3,31.5,39.8,79.2,509.9,103.3,15.9,19.5,81.6,12.6,14.7,86.2,2.22,3.46,64.3,0.29,0.20,0.09,1.85,1.73,2.43,0.37,3.87,Matches
299,Eliaquim Mangala\Eliaquim-Mangala,fr FRA,DF,Everton,26,1991,1.5,38.7,45.3,85.3,939.3,240.7,6.67,8.67,76.9,23.3,24.7,94.6,8.67,11.3,76.5,0.00,0.00,0.00,0.00,3.33,0.00,0.00,3.33,Matches
300,Eliaquim Mangala\Eliaquim-Mangala,fr FRA,DF,Manchester City,26,1991,5.4,57.0,63.1,90.3,1099.6,351.9,18.7,19.6,95.3,31.5,32.6,96.6,6.11,9.44,64.7,0.00,0.06,-0.06,0.37,3.15,0.19,0.19,2.96,Matches
301,Javier Manquillo\Javier-Manquillo,es ESP,DF,Newcastle Utd,23,1994,19.5,27.3,38.2,71.5,447.6,186.2,13.8,16.7,82.8,10.7,14.5,73.8,2.15,5.28,40.8,0.05,0.03,0.03,0.51,1.74,0.41,0.26,2.41,Matches
302,Solly March\Solly-March,eng ENG,MFFW,Brighton,23,1994,20.6,25.2,36.0,70.0,457.3,133.6,12.1,14.3,84.7,8.98,12.0,74.9,3.50,6.94,50.3,0.05,0.08,-0.03,0.78,1.26,1.02,0.44,1.99,Matches
303,Adrian Mariappa\Adrian-Mariappa,jm JAM,DF,Watford,30,1986,24.6,31.1,42.0,74.2,647.1,267.9,9.96,11.8,84.2,15.2,19.3,79.1,5.49,9.59,57.2,0.00,0.01,-0.01,0.16,2.52,0.16,0.00,1.71,Matches
304,João Mário\Joao-Mario,pt POR,MFFW,West Ham,24,1993,11.4,31.7,42.1,75.2,509.9,129.1,17.4,19.9,87.2,9.82,12.4,79.4,3.33,7.02,47.5,0.09,0.13,-0.04,1.23,2.28,0.70,0.18,2.63,Matches
305,Anthony Martial\Anthony-Martial,fr FRA,FWMF,Manchester Utd,21,1995,17.6,34.7,44.5,77.9,500.2,127.0,20.8,24.4,85.3,10.5,12.9,81.5,1.82,3.41,53.3,0.28,0.29,-0.01,1.76,2.10,1.59,0.28,3.64,Matches
306,Cuco Martina\Cuco-Martina,cw CUW,DF,Everton,27,1989,20.3,37.7,50.2,75.0,689.9,312.2,16.6,18.9,87.5,16.0,20.3,78.9,4.63,9.51,48.7,0.10,0.05,0.05,0.64,2.76,1.08,0.79,3.35,Matches
307,Bruno Martins Indi\Bruno-Martins-Indi,nl NED,DF,Stoke City,25,1992,13.8,20.8,26.4,78.6,462.4,155.1,6.16,7.46,82.5,10.4,12.4,83.6,4.13,6.09,67.9,0.00,0.01,-0.01,0.22,1.96,0.22,0.14,1.38,Matches
308,Arthur Masuaku\Arthur-Masuaku,cd COD,MFDF,West Ham,23,1993,20.8,30.9,43.4,71.1,515.2,179.4,16.5,18.8,87.8,10.7,14.9,71.9,2.98,6.92,43.1,0.14,0.11,0.03,0.87,1.63,0.77,0.38,2.31,Matches
309,Juan Mata\Juan-Mata,es ESP,FWMF,Manchester Utd,29,1988,21.4,50.9,62.4,81.6,858.4,195.7,26.2,28.7,91.2,17.1,20.7,82.4,5.56,9.35,59.5,0.23,0.21,0.02,2.38,3.46,1.50,0.47,3.74,Matches
310,Nemanja Matić\Nemanja-Matic,rs SRB,MF,Manchester Utd,28,1988,34.6,64.5,74.4,86.7,1289.9,339.2,24.4,26.8,91.0,28.8,31.7,90.8,10.3,13.4,76.8,0.03,0.05,-0.02,0.69,6.10,0.81,0.03,6.16,Matches
311,Joël Matip\Joel-Matip,cm CMR,DF,Liverpool,25,1991,22.2,65.0,73.7,88.1,1476.5,479.9,14.5,16.1,90.2,36.6,39.2,93.2,13.6,17.9,75.9,0.00,0.02,-0.02,0.18,5.32,0.05,0.00,4.55,Matches
312,Konstantinos Mavropanos\Konstantinos-Mavropanos,gr GRE,DFMF,Arsenal,19,1997,2.2,38.2,44.1,86.6,780.5,240.5,13.6,15.5,88.2,18.6,19.5,95.3,5.45,7.73,70.6,0.00,0.00,0.00,0.00,2.73,0.00,0.00,0.91,Matches
313,Alfie Mawson\Alfie-Mawson,eng ENG,DF,Swansea City,23,1994,38.0,36.5,45.5,80.2,875.6,275.9,9.97,11.6,86.3,16.5,18.9,87.2,9.71,14.1,68.7,0.03,0.01,0.02,0.16,2.63,0.11,0.00,2.21,Matches
314,Eric Maxim Choupo-Moting\Eric-Maxim-Choupo-Moting,cm CMR,FWMF,Stoke City,28,1989,25.7,18.7,27.2,68.7,285.4,75.4,10.4,13.3,78.0,6.15,8.68,70.9,1.40,2.84,49.3,0.19,0.13,0.07,0.82,1.01,0.82,0.16,1.91,Matches
315,Chancel Mbemba\Chancel-Mbemba,cd COD,DF,Newcastle Utd,22,1994,7.5,26.0,36.9,70.4,493.9,230.0,10.1,12.5,80.9,12.5,16.5,75.8,3.20,6.67,48.0,0.00,0.05,-0.05,0.53,2.13,0.80,0.40,3.47,Matches
316,James McArthur\James-McArthur,sco SCO,MFFW,Crystal Palace,29,1987,27.0,31.6,40.2,78.5,543.6,133.6,14.6,17.1,85.7,12.8,15.5,82.5,3.30,5.56,59.3,0.04,0.04,-0.01,0.78,3.04,0.37,0.04,2.70,Matches
317,Gareth McAuley\Gareth-McAuley,nir NIR,DF,West Brom,37,1979,5.1,18.2,27.5,66.4,461.6,254.5,3.92,5.69,69.0,8.43,11.0,76.8,5.10,9.22,55.3,0.00,0.00,0.00,0.00,2.75,0.39,0.00,2.35,Matches
318,Oliver McBurnie\Oliver-McBurnie,sco SCO,FW,Swansea City,21,1996,3.1,22.9,31.9,71.7,299.7,55.2,14.5,19.7,73.8,6.13,7.74,79.2,0.97,1.94,50.0,0.32,0.16,0.16,0.32,1.94,0.97,0.32,1.94,Matches
319,Alex McCarthy\Alex-McCarthy,eng ENG,GK,Southampton,27,1989,18.0,8.94,19.7,45.4,395.5,294.3,0.89,1.00,88.9,2.39,2.39,100.0,5.56,16.2,34.2,0.00,0.00,0.00,0.00,0.67,0.00,0.00,0.00,Matches
320,James McCarthy\James-McCarthy,ie IRL,MF,Everton,26,1990,2.3,30.9,43.0,71.7,549.1,89.6,13.0,17.8,73.2,13.9,16.1,86.5,3.04,7.39,41.2,0.00,0.00,0.00,0.43,2.61,0.43,0.00,2.17,Matches
321,James McClean\James-McClean,ie IRL,MFFW,West Brom,28,1989,15.6,18.8,29.5,63.7,321.5,83.1,8.97,11.0,81.4,6.86,9.49,72.3,2.05,5.96,34.4,0.00,0.04,-0.04,0.83,0.83,1.28,0.90,1.73,Matches
322,Sam McQueen\Sam-McQueen,eng ENG,DFFW,Southampton,22,1995,1.6,34.4,48.8,70.5,452.5,183.1,22.5,26.9,83.7,9.38,14.4,65.2,1.25,4.38,28.6,0.00,0.13,-0.13,1.88,2.50,0.63,0.00,3.13,Matches
323,Scott McTominay\Scott-McTominay,sco SCO,MF,Manchester Utd,20,1996,7.0,43.7,49.6,88.2,798.3,213.1,18.0,20.1,89.4,19.6,20.9,93.8,5.00,6.86,72.9,0.00,0.00,0.00,0.29,5.00,0.29,0.14,5.00,Matches
324,Ben Mee\Ben-Mee,eng ENG,DF,Burnley,27,1989,29.0,28.5,38.7,73.6,660.1,278.9,8.59,9.86,87.1,11.9,15.5,76.6,7.76,12.3,63.0,0.00,0.01,-0.01,0.17,2.59,0.10,0.00,2.45,Matches
325,Benjamin Mendy\Benjamin-Mendy,fr FRA,DF,Manchester City,23,1994,4.0,49.8,63.8,78.0,856.8,265.3,23.0,26.3,87.6,21.3,26.8,79.4,4.75,7.75,61.3,0.25,0.13,0.13,1.75,4.25,2.25,1.75,6.25,Matches
326,Mikel Merino\Mikel-Merino,es ESP,MF,Newcastle Utd,21,1996,15.0,42.5,53.5,79.6,802.2,236.5,16.6,20.3,81.9,17.9,21.1,85.1,6.60,9.93,66.4,0.07,0.04,0.03,1.00,4.87,0.73,0.07,5.07,Matches
327,Per Mertesacker\Per-Mertesacker,de GER,DF,Arsenal,32,1984,4.1,54.1,59.0,91.7,1182.0,383.9,14.4,16.1,89.4,28.8,30.5,94.4,10.5,11.5,91.5,0.00,0.00,0.00,0.00,1.71,0.00,0.00,1.22,Matches
328,Roque Mesa\Roque-Mesa,es ESP,MF,Swansea City,28,1989,8.4,48.9,56.4,86.7,935.1,182.7,20.2,21.5,93.9,20.6,23.6,87.4,7.98,9.88,80.7,0.00,0.04,-0.04,0.71,3.57,0.36,0.00,2.98,Matches
329,Simon Mignolet\Simon-Mignolet,be BEL,GK,Liverpool,29,1988,19.0,19.9,27.3,73.0,525.3,319.9,3.63,3.68,98.6,11.4,11.5,99.1,4.84,12.0,40.4,0.00,0.00,0.00,0.00,0.37,0.00,0.00,0.00,Matches
330,Luka Milivojević\Luka-Milivojevic,rs SRB,MF,Crystal Palace,26,1991,34.2,39.2,49.2,79.7,821.6,256.0,13.7,15.9,86.6,17.5,20.3,86.3,7.22,11.5,62.8,0.03,0.03,-0.00,0.61,5.38,0.50,0.03,4.80,Matches
331,James Milner\James-Milner,eng ENG,MF,Liverpool,31,1986,19.7,66.7,81.6,81.8,1289.1,409.6,25.8,28.9,89.1,30.9,34.7,89.2,8.68,15.3,56.8,0.15,0.18,-0.03,1.93,10.1,1.78,0.30,9.04,Matches
332,Tyrone Mings\Tyrone-Mings,eng ENG,DF,Bournemouth,24,1993,2.2,39.5,51.4,77.0,865.9,334.1,11.8,13.6,86.7,18.6,20.9,89.1,8.64,15.0,57.6,0.00,0.05,-0.05,0.45,2.27,0.45,0.45,2.27,Matches
333,Kevin Mirallas\Kevin-Mirallas,be BEL,FWMF,Everton,29,1987,1.5,31.3,39.3,79.7,556.7,115.3,12.0,16.7,72.0,15.3,16.0,95.8,2.67,4.00,66.7,0.00,0.07,-0.07,0.67,3.33,0.67,0.00,2.67,Matches
334,Aleksandar Mitrović\Aleksandar-Mitrovic,rs SRB,FW,Newcastle Utd,22,1994,1.1,35.5,50.0,70.9,463.6,88.2,22.7,28.2,80.6,9.09,12.7,71.4,0.91,2.73,33.3,0.00,0.36,-0.36,2.73,0.00,0.00,0.00,2.73,Matches
335,Henrikh Mkhitaryan\Henrikh-Mkhitaryan,am ARM,FWMF,Arsenal,28,1989,8.8,40.2,54.2,74.2,626.9,154.3,23.2,28.4,81.6,12.8,16.0,80.1,2.95,7.16,41.3,0.45,0.26,0.19,1.70,2.50,1.82,0.34,4.32,Matches
336,Henrikh Mkhitaryan\Henrikh-Mkhitaryan,am ARM,MFFW,Manchester Utd,28,1989,10.2,43.0,55.9,77.0,684.3,168.3,23.3,26.5,88.1,14.4,17.8,80.8,3.53,7.94,44.4,0.49,0.34,0.15,2.84,3.73,1.67,0.20,4.22,Matches
337,Nacho Monreal\Nacho-Monreal,es ESP,DF,Arsenal,31,1986,24.9,62.5,71.2,87.7,1142.7,408.5,25.0,27.8,90.2,29.4,32.2,91.4,6.87,9.12,75.3,0.08,0.05,0.03,0.48,6.18,0.44,0.16,4.58,Matches
338,Aaron Mooy\Aaron-Mooy,au AUS,MF,Huddersfield,26,1990,34.1,45.4,60.7,74.7,819.4,230.1,21.7,24.7,87.9,16.5,20.7,79.9,5.95,12.1,49.0,0.09,0.11,-0.03,1.44,4.66,0.73,0.26,4.84,Matches
339,Álvaro Morata\Alvaro-Morata,es ESP,FW,Chelsea,24,1992,22.9,17.7,25.0,70.9,275.2,38.4,9.74,12.4,78.5,5.24,7.64,68.6,1.83,2.88,63.6,0.26,0.15,0.11,1.35,1.18,0.39,0.00,1.22,Matches
340,Alberto Moreno\Alberto-Moreno,es ESP,DF,Liverpool,25,1992,14.1,54.0,67.0,80.5,1030.1,350.9,20.1,22.7,88.4,27.2,31.4,86.7,6.17,11.1,55.8,0.00,0.06,-0.06,1.06,2.91,1.42,0.50,4.33,Matches
341,Wes Morgan\Wes-Morgan,jm JAM,DF,Leicester City,33,1984,31.3,23.5,29.3,80.2,462.8,167.0,8.88,10.4,85.3,10.6,12.8,82.3,3.61,5.37,67.3,0.00,0.01,-0.01,0.16,1.31,0.13,0.00,1.57,Matches
342,James Morrison\James-Morrison,sco SCO,MF,West Brom,31,1986,2.3,33.9,40.4,83.9,532.6,107.8,20.0,22.2,90.2,10.0,12.6,79.3,2.61,3.48,75.0,0.00,0.04,-0.04,1.30,2.61,0.43,0.00,1.74,Matches
343,Victor Moses\Victor-Moses,ng NGA,DFMF,Chelsea,26,1990,23.4,33.4,45.8,72.9,588.2,177.1,15.7,19.1,82.5,13.4,17.6,76.0,3.76,6.79,55.3,0.13,0.12,0.01,0.90,1.03,1.03,0.56,2.39,Matches
344,Steve Mounié\Steve-Mounie,bj BEN,FW,Huddersfield,22,1994,20.6,15.7,24.8,63.2,218.5,34.9,9.08,13.5,67.0,4.66,7.82,59.6,0.87,1.41,62.1,0.05,0.04,0.00,0.68,0.97,0.34,0.00,1.21,Matches
345,Lucas Moura\Lucas-Moura,br BRA,FW,Tottenham,24,1992,2.3,39.6,49.1,80.5,600.4,149.1,23.5,27.4,85.7,13.9,16.5,84.2,1.74,3.48,50.0,0.43,0.09,0.35,2.17,3.48,2.17,0.00,4.35,Matches
346,Lys Mousset\Lys-Mousset,fr FRA,FWMF,Bournemouth,21,1996,6.6,15.9,26.7,59.7,233.2,62.0,8.79,13.5,65.2,5.61,8.48,66.1,0.91,2.12,42.9,0.00,0.06,-0.06,0.45,1.21,0.91,0.15,2.27,Matches
347,Jacob Murphy\Jacob-Murphy,eng ENG,FWMF,Newcastle Utd,22,1995,12.8,15.7,25.4,61.8,260.5,94.7,8.13,10.9,74.8,5.70,8.28,68.9,1.41,4.22,33.3,0.08,0.10,-0.02,0.78,0.86,1.02,0.47,1.95,Matches
348,Jamie Murphy\Jamie-Murphy,sco SCO,MF,Brighton,27,1989,1.9,20.5,24.2,84.8,332.6,46.8,11.6,12.1,95.7,7.37,8.42,87.5,1.58,1.58,100.0,0.00,0.00,0.00,0.53,1.05,0.00,0.00,0.53,Matches
349,Glenn Murray\Glenn-Murray,eng ENG,FW,Brighton,33,1983,24.4,15.3,26.2,58.5,209.1,42.8,8.89,13.9,63.8,4.96,8.48,58.5,0.57,1.35,42.4,0.00,0.04,-0.04,0.61,1.07,0.25,0.00,1.07,Matches
350,Charly Musonda Jr.\Charly-Musonda-Jr,be BEL,FW,Chelsea,20,1996,0.4,35.0,40.0,87.5,717.5,145.0,20.0,20.0,100.0,7.50,12.5,60.0,7.50,7.50,100.0,0.00,1.25,-1.25,2.50,2.50,2.50,0.00,2.50,Matches
351,Shkodran Mustafi\Shkodran-Mustafi,de GER,DF,Arsenal,25,1992,25.3,58.3,69.2,84.2,1294.1,432.6,12.5,14.4,86.8,35.1,38.7,90.8,10.3,15.3,67.3,0.04,0.02,0.02,0.20,4.66,0.28,0.08,2.81,Matches
352,Boaz Myhill\Boaz-Myhill,wal WAL,GK,West Brom,34,1982,1.0,8.00,15.0,53.3,405.0,311.0,0.00,0.00,,1.00,1.00,100.0,7.00,14.0,50.0,0.00,0.00,0.00,0.00,1.00,0.00,0.00,0.00,Matches
353,Georges-Kévin N'Koudou\Georges-Kevin-NKoudou,fr FRA,MF,Tottenham,22,1995,0.0,0,0,,0,0,0,0,,0,0,,0,0,,0,0.0,0.0,0,0,0,0,0,Matches
354,Georges-Kévin N'Koudou\Georges-Kevin-NKoudou,fr FRA,MF,Burnley,22,1995,2.5,25.2,36.4,69.2,448.4,50.8,10.0,12.0,83.3,10.4,14.0,74.3,3.20,6.80,47.1,0.00,0.00,0.00,0.00,1.60,0.00,0.00,1.60,Matches
355,Luciano Narsingh\Luciano-Narsingh,nl NED,FWMF,Swansea City,26,1990,6.9,22.8,30.9,73.7,358.7,105.1,13.3,15.4,86.8,7.39,10.6,69.9,1.59,2.32,68.8,0.00,0.14,-0.14,1.45,1.45,1.16,0.58,2.46,Matches
356,Kyle Naughton\Kyle-Naughton,eng ENG,DF,Swansea City,28,1988,33.7,44.4,60.7,73.1,804.3,365.6,19.7,23.4,84.4,18.5,24.0,77.2,5.31,10.8,49.3,0.06,0.01,0.05,0.33,5.25,0.53,0.21,5.07,Matches
357,Badou Ndiaye\Badou-Ndiaye,sn SEN,MF,Stoke City,26,1990,12.6,22.3,28.2,79.2,414.7,141.2,9.44,10.9,86.9,8.33,10.5,79.5,3.57,5.40,66.2,0.08,0.02,0.06,0.40,2.70,0.48,0.08,3.33,Matches
358,Wilfred Ndidi\Wilfred-Ndidi,ng NGA,MF,Leicester City,20,1996,32.2,39.2,52.3,74.9,709.2,170.0,17.5,21.8,80.5,15.6,19.6,79.3,5.06,8.48,59.7,0.09,0.02,0.07,0.37,3.54,0.31,0.06,3.26,Matches
359,Reiss Nelson\Reiss-Nelson,eng ENG,MFFW,Arsenal,17,1999,1.6,46.9,51.3,91.5,688.8,179.4,29.4,30.0,97.9,14.4,15.6,92.0,1.88,3.13,60.0,0.00,0.00,0.00,0.63,1.88,2.50,0.00,3.13,Matches
360,Julien Ngoy\Julien-Ngoy,be BEL,FWMF,Stoke City,19,1997,0.2,20.0,25.0,80.0,365.0,0.00,10.0,15.0,66.7,10.0,10.0,100.0,0.00,0.00,,0.00,0.00,0.00,0.00,0.00,0.00,0.00,0.00,Matches
361,Oumar Niasse\Oumar-Niasse,sn SEN,FW,Everton,27,1990,12.1,13.4,21.5,62.3,185.7,37.3,7.85,11.2,69.9,3.97,6.53,60.8,0.66,1.32,50.0,0.17,0.16,0.01,1.07,0.58,0.66,0.25,1.16,Matches
362,Eddie Nketiah\Eddie-Nketiah,eng ENG,FWMF,Arsenal,18,1999,0.2,35.0,40.0,87.5,470.0,40.0,25.0,30.0,83.3,10.0,10.0,100.0,0.00,0.00,,5.00,0.00,5.00,0.00,0.00,0.00,0.00,0.00,Matches
363,Lukas Nmecha\Lukas-Nmecha,de GER,FW,Manchester City,18,1998,0.2,25.0,25.0,100.0,320.0,30.0,20.0,20.0,100.0,5.00,5.00,100.0,0.00,0.00,,0.00,0.00,0.00,0.00,0.00,0.00,0.00,0.00,Matches
364,Mark Noble\Mark-Noble,eng ENG,MF,West Ham,30,1987,26.7,40.5,49.3,82.2,821.2,233.8,16.0,18.0,88.8,16.4,19.0,86.2,7.57,11.0,68.9,0.00,0.06,-0.06,0.75,3.71,0.90,0.07,4.23,Matches
365,Allan Nyom\Allan-Nyom,cm CMR,DF,West Brom,29,1988,25.7,29.9,41.8,71.6,548.3,228.5,12.8,14.7,86.8,13.5,17.2,78.9,3.35,8.17,41.0,0.04,0.04,0.00,0.58,1.44,0.93,0.74,1.71,Matches
366,Aiden O'Neill\Aiden-ONeill,au AUS,MF,Burnley,19,1998,0.0,,,,,,,,,,,,,,,0,,,,,,,,Matches
367,Michael Obafemi\Michael-Obafemi,ie IRL,FW,Southampton,17,2000,0.1,10.0,10.0,100.0,90.0,0.00,10.0,10.0,100.0,0.00,0.00,,0.00,0.00,,0.00,0.00,0.00,0.00,0.00,0.00,0.00,0.00,Matches
368,Pedro Obiang\Pedro-Obiang,gq EQG,MF,West Ham,25,1992,17.4,34.6,43.9,78.8,676.8,170.2,13.3,15.4,86.6,15.3,18.8,81.7,5.11,7.93,64.5,0.00,0.02,-0.02,0.40,4.14,0.34,0.11,3.51,Matches
369,Angelo Ogbonna\Angelo-Ogbonna,it ITA,DF,West Ham,29,1988,32.0,25.9,33.6,77.3,597.3,198.5,6.91,8.34,82.8,13.1,15.3,85.5,5.72,9.28,61.6,0.00,0.02,-0.02,0.28,1.84,0.28,0.06,1.50,Matches
370,Stefano Okaka\Stefano-Okaka,it ITA,FWMF,Watford,27,1989,5.0,21.8,32.0,68.1,315.6,52.6,12.6,16.2,77.8,5.60,8.60,65.1,1.80,2.60,69.2,0.20,0.08,0.12,1.40,1.40,0.60,0.00,1.60,Matches
371,Shinji Okazaki\Shinji-Okazaki,jp JPN,MFFW,Leicester City,31,1986,14.7,18.1,25.2,71.9,247.3,66.0,11.6,15.2,76.3,4.83,6.80,71.0,0.75,1.50,50.0,0.14,0.13,0.01,1.02,1.29,0.34,0.00,1.90,Matches
372,Martin Olsson\Martin-Olsson,se SWE,DFMF,Swansea City,29,1988,35.0,30.7,44.2,69.4,519.1,205.2,15.4,17.7,87.1,11.2,15.4,72.7,3.23,8.74,36.9,0.03,0.03,0.00,0.37,1.66,0.77,0.57,2.23,Matches
373,Divock Origi\Divock-Origi,be BEL,FW,Liverpool,22,1995,0.1,0.00,10.0,0.0,0.00,0.00,0.00,0.00,,0.00,0.00,,0.00,0.00,,0.00,0.00,0.00,0.00,0.00,0.00,0.00,0.00,Matches
374,David Ospina\David-Ospina,co COL,GK,Arsenal,28,1988,4.2,18.8,23.8,79.0,564.5,337.1,1.90,1.90,100.0,10.7,10.7,100.0,6.19,11.2,55.3,0.00,0.00,0.00,0.00,0.00,0.00,0.00,0.00,Matches
375,Nicolás Otamendi\Nicolas-Otamendi,ar ARG,DF,Manchester City,29,1988,33.0,83.9,91.9,91.3,1760.1,489.7,24.5,25.9,94.3,45.5,48.8,93.1,13.3,15.9,83.6,0.00,0.01,-0.01,0.30,7.73,0.21,0.00,5.15,Matches
376,Reece Oxford\Reece-Oxford,eng ENG,MF,West Ham,18,1998,0.1,10.0,10.0,100.0,190.0,170.0,0.00,0.00,,10.0,10.0,100.0,0.00,0.00,,0.00,0.00,0.00,0.00,0.00,10.0,0.00,10.0,Matches
377,Alex Oxlade-Chamberlain\Alex-Oxlade-Chamberlain,eng ENG,MFDF,Arsenal,23,1993,2.7,43.0,55.9,76.8,928.5,300.4,13.7,16.3,84.1,20.4,23.0,88.7,8.52,14.4,59.0,0.00,0.15,-0.15,2.22,2.96,3.33,1.11,5.93,Matches
378,Alex Oxlade-Chamberlain\Alex-Oxlade-Chamberlain,eng ENG,MFFW,Liverpool,23,1993,16.6,36.3,47.5,76.4,741.0,217.5,13.3,16.1,82.5,16.6,20.0,83.1,5.78,10.1,57.5,0.42,0.22,0.20,1.93,4.94,2.35,0.36,6.14,Matches
379,Mesut Özil\Mesut-Ozil,de GER,MFFW,Arsenal,28,1988,24.0,66.5,79.8,83.4,1161.6,349.6,32.2,35.3,91.0,25.1,29.2,85.9,7.71,11.3,68.5,0.33,0.29,0.04,3.33,7.38,3.33,0.25,9.54,Matches
380,Kasey Palmer\Kasey-Palmer,eng ENG,MFFW,Huddersfield,20,1996,1.9,22.6,31.1,72.9,369.5,114.2,14.7,17.4,84.8,5.79,8.42,68.8,2.11,3.16,66.7,0.00,0.00,0.00,0.53,2.11,1.05,0.53,2.63,Matches
381,Emerson Palmieri\Emerson-Palmieri,it ITA,DFMF,Chelsea,22,1994,3.1,40.3,52.6,76.7,606.8,147.7,23.9,27.1,88.1,12.3,16.1,76.0,2.26,6.13,36.8,0.32,0.03,0.29,0.32,1.94,0.97,0.32,1.94,Matches
382,Pedro\Pedro,es ESP,FWMF,Chelsea,30,1987,16.9,32.1,40.9,78.6,519.9,115.0,17.7,20.2,87.7,10.3,13.5,76.3,3.37,5.03,67.1,0.12,0.09,0.03,1.48,2.13,1.12,0.12,2.72,Matches
383,Roberto Pereyra\Roberto-Pereyra,ar ARG,MFFW,Watford,26,1991,18.0,33.4,40.9,81.7,602.3,152.6,17.3,19.1,90.7,10.7,13.7,78.5,4.56,6.06,75.2,0.11,0.13,-0.02,1.33,2.56,1.61,0.56,3.33,Matches
384,Ayoze Pérez\Ayoze-Perez,es ESP,MFFW,Newcastle Utd,24,1993,27.7,18.0,26.0,69.1,272.0,63.8,10.2,13.0,78.6,5.63,8.01,70.3,1.41,2.92,48.1,0.18,0.12,0.06,1.08,1.70,0.76,0.11,2.31,Matches
385,Matt Phillips\Matt-Phillips,sco SCO,MFFW,West Brom,26,1991,23.3,18.3,30.3,60.4,344.1,127.3,8.67,11.4,75.9,6.27,9.23,67.9,2.92,7.21,40.5,0.09,0.18,-0.09,1.67,1.03,0.94,0.64,1.72,Matches
386,Jordan Pickford\Jordan-Pickford,eng ENG,GK,Everton,23,1994,38.0,15.2,30.0,50.6,692.5,524.8,1.00,1.08,92.7,5.16,5.32,97.0,9.03,23.6,38.2,0.00,0.00,-0.00,0.08,1.26,0.03,0.00,0.00,Matches
387,Jérémy Pied\Jeremy-Pied,fr FRA,DF,Southampton,28,1989,2.0,49.0,61.5,79.7,887.0,416.0,18.5,24.5,75.5,24.0,25.5,94.1,5.50,9.50,57.9,0.50,0.20,0.30,1.00,4.00,2.50,1.00,6.50,Matches
388,Erik Pieters\Erik-Pieters,nl NED,DFMF,Stoke City,28,1988,30.2,30.0,42.5,70.6,562.5,247.9,12.3,15.1,81.0,13.1,17.4,75.4,4.01,8.28,48.4,0.03,0.04,-0.01,0.53,3.15,0.83,0.43,2.81,Matches
389,Paul Pogba\Paul-Pogba,fr FRA,MF,Manchester Utd,24,1993,23.9,61.5,73.4,83.7,1137.6,354.5,27.6,31.0,89.2,22.8,26.2,86.8,9.08,13.1,69.3,0.42,0.16,0.26,1.72,7.49,2.09,0.29,9.37,Matches
390,Nick Pope\Nick-Pope,eng ENG,GK,Burnley,25,1992,34.6,12.7,29.7,42.9,678.5,571.3,0.64,0.64,100.0,2.86,2.89,99.0,9.25,26.2,35.3,0.00,0.01,-0.01,0.17,2.02,0.03,0.00,0.00,Matches
391,Alex Pritchard\Alex-Pritchard,eng ENG,MFFW,Huddersfield,24,1993,11.1,23.4,35.5,66.0,407.5,113.0,12.5,15.3,81.8,7.48,10.7,69.7,2.97,7.39,40.2,0.09,0.23,-0.14,1.89,1.71,1.17,0.36,2.25,Matches
392,Sebastian Prödl\Sebastian-Prodl,at AUT,DF,Watford,30,1987,17.4,24.8,32.9,75.4,571.4,206.8,7.30,8.91,81.9,11.4,14.1,80.9,5.80,9.20,63.1,0.00,0.01,-0.01,0.06,2.24,0.11,0.00,2.07,Matches
393,Davy Pröpper\Davy-Propper,nl NED,MF,Brighton,25,1991,34.7,31.5,40.8,77.2,666.2,183.1,10.7,12.9,83.4,14.8,18.2,81.0,5.50,8.13,67.7,0.12,0.03,0.08,0.52,3.95,0.52,0.09,4.73,Matches
394,Marc Pugh\Marc-Pugh,eng ENG,MFFW,Bournemouth,30,1987,10.9,34.3,46.3,74.1,525.4,146.2,19.2,22.0,87.1,11.1,15.1,73.3,2.84,6.42,44.3,0.00,0.06,-0.06,0.92,1.38,1.10,0.09,3.85,Matches
395,Jason Puncheon\Jason-Puncheon,eng ENG,MFFW,Crystal Palace,31,1986,7.2,28.6,36.3,78.9,473.5,143.2,15.4,17.5,88.1,9.03,10.6,85.5,3.19,6.67,47.9,0.00,0.04,-0.04,0.69,2.64,1.11,0.00,3.89,Matches
396,Collin Quaner\Collin-Quaner,de GER,FWMF,Huddersfield,26,1991,14.2,22.1,31.1,71.2,312.5,89.6,13.0,17.3,75.5,7.32,9.37,78.2,0.85,2.54,33.3,0.28,0.17,0.11,1.20,1.62,0.63,0.21,2.04,Matches
397,Sandro Ramírez\Sandro-Ramirez,es ESP,FWMF,Everton,22,1995,3.1,20.6,28.4,72.7,276.1,53.2,11.9,15.2,78.7,5.81,7.42,78.3,0.97,1.94,50.0,0.00,0.00,0.00,0.00,0.00,0.32,0.00,1.29,Matches
398,Aaron Ramsey\Aaron-Ramsey,wal WAL,MF,Arsenal,26,1990,20.5,50.4,60.8,83.0,889.7,214.9,21.8,24.8,87.8,22.3,25.5,87.5,5.12,7.61,67.3,0.39,0.23,0.16,1.41,5.27,1.80,0.10,5.41,Matches
399,Àngel Rangel\Angel-Rangel,es ESP,DF,Swansea City,34,1982,1.7,51.2,62.9,81.3,862.4,302.9,23.5,27.1,87.0,20.0,24.1,82.9,5.29,9.41,56.3,0.00,0.06,-0.06,0.59,4.12,0.59,0.59,5.88,Matches
400,Marcus Rashford\Marcus-Rashford,eng ENG,FWMF,Manchester Utd,19,1997,20.1,23.7,33.6,70.7,363.9,92.6,13.6,16.3,83.5,7.51,9.90,75.9,1.84,4.83,38.1,0.25,0.22,0.02,1.29,1.19,1.19,0.25,2.24,Matches
401,Nathan Redmond\Nathan-Redmond,eng ENG,FWMF,Southampton,23,1994,21.6,28.5,39.6,72.0,532.4,126.9,13.1,16.4,80.2,10.1,13.4,75.5,4.40,7.87,55.9,0.14,0.17,-0.03,1.94,1.62,1.76,0.42,3.10,Matches
402,Winston Reid\Winston-Reid,nz NZL,DF,West Ham,29,1988,16.1,33.5,41.6,80.4,794.8,226.0,7.64,8.88,86.0,17.9,19.6,91.1,7.76,12.5,61.9,0.00,0.01,-0.01,0.19,1.61,0.19,0.00,1.99,Matches
403,Declan Rice\Declan-Rice,eng ENG,DFMF,West Ham,18,1999,15.9,28.6,37.0,77.2,596.8,219.8,10.0,11.8,85.0,13.3,15.1,87.9,4.91,9.18,53.4,0.00,0.00,0.00,0.13,2.33,0.31,0.00,1.89,Matches
404,Richarlison\Richarlison,br BRA,FWMF,Watford,20,1997,31.4,16.9,26.8,63.1,255.5,74.4,9.39,12.8,73.2,6.18,9.27,66.7,0.83,2.07,40.0,0.13,0.11,0.02,0.83,1.15,0.73,0.10,2.36,Matches
405,Jaïro Riedewald\Jairo-Riedewald,nl NED,MFDF,Crystal Palace,20,1996,4.9,25.5,33.5,76.2,524.7,218.2,10.4,12.7,82.3,9.18,12.0,76.3,5.10,7.55,67.6,0.00,0.02,-0.02,0.20,2.86,1.02,0.41,3.06,Matches
406,Matt Ritchie\Matt-Ritchie,sco SCO,MFFW,Newcastle Utd,27,1989,31.2,26.8,40.7,66.0,493.9,160.4,11.9,14.7,81.2,10.2,13.9,73.1,4.04,10.0,40.4,0.16,0.17,-0.01,1.60,1.73,1.03,0.58,2.88,Matches
407,Connor Roberts\Connor-Roberts,wal WAL,MF,Swansea City,21,1995,3.0,41.0,58.0,70.7,648.0,172.3,22.7,26.0,87.2,13.0,18.3,70.9,3.33,9.33,35.7,0.00,0.00,0.00,0.00,1.33,0.67,0.00,1.67,Matches
408,Andrew Robertson\Andrew-Robertson,sco SCO,DF,Liverpool,23,1994,21.6,63.6,76.0,83.7,1080.2,373.6,29.7,32.5,91.4,27.7,31.8,87.2,4.86,8.61,56.5,0.23,0.14,0.09,1.11,5.14,1.44,0.42,6.39,Matches
409,Hal Robson-Kanu\Hal-Robson-Kanu,wal WAL,FWMF,West Brom,28,1989,9.2,13.3,21.5,61.6,214.5,59.2,6.52,8.70,75.0,4.89,7.61,64.3,1.52,3.37,45.2,0.00,0.08,-0.08,0.87,1.30,0.54,0.22,2.07,Matches
410,Jay Rodriguez\Jay-Rodriguez,eng ENG,FWMF,West Brom,28,1989,31.2,16.3,23.4,69.5,259.7,69.0,9.17,11.3,81.0,5.13,7.18,71.4,1.44,3.21,45.0,0.03,0.04,-0.01,0.58,1.35,0.42,0.06,1.47,Matches
411,Marcos Rojo\Marcos-Rojo,ar ARG,DF,Manchester Utd,27,1990,7.1,42.4,52.5,80.7,874.9,363.9,15.9,17.0,93.4,19.0,21.4,88.8,7.18,12.8,56.0,0.00,0.04,-0.04,0.28,3.24,0.14,0.00,2.39,Matches
412,Sergio Romero\Sergio-Romero,ar ARG,GK,Manchester Utd,30,1987,1.0,14.0,18.0,77.8,626.0,482.0,1.00,1.00,100.0,4.00,4.00,100.0,9.00,13.0,69.2,0.00,0.00,0.00,0.00,0.00,0.00,0.00,0.00,Matches
413,Oriol Romeu\Oriol-Romeu,es ESP,MF,Southampton,25,1991,32.2,47.6,58.0,82.0,928.5,256.4,17.0,19.7,86.1,23.9,27.8,86.0,6.18,9.10,67.9,0.00,0.04,-0.04,0.65,4.60,0.37,0.00,5.34,Matches
414,Salomón Rondón\Salomon-Rondon,ve VEN,FW,West Brom,27,1989,30.7,18.3,27.3,67.1,272.7,49.4,11.3,15.0,75.2,5.15,7.52,68.4,1.37,2.44,56.0,0.10,0.05,0.05,0.72,1.27,0.46,0.07,1.56,Matches
415,Wayne Rooney\Wayne-Rooney,eng ENG,MFFW,Everton,31,1985,25.2,36.7,49.4,74.4,791.4,183.6,13.1,16.0,81.9,14.6,17.6,82.7,8.10,13.7,59.3,0.08,0.10,-0.02,1.43,4.17,0.91,0.28,3.81,Matches
416,Danny Rose\Danny-Rose,eng ENG,DFMF,Tottenham,27,1990,8.9,42.5,57.3,74.1,830.1,355.5,17.0,20.4,83.0,18.9,23.1,81.6,5.96,10.9,54.6,0.11,0.11,0.00,1.24,4.16,2.25,0.79,5.96,Matches
417,Liam Rosenior\Liam-Rosenior,eng ENG,DF,Brighton,33,1984,1.8,33.3,50.6,65.9,664.4,387.8,16.7,21.1,78.9,8.89,15.0,59.3,7.22,11.1,65.0,0.00,0.00,0.00,0.00,2.22,0.00,0.00,3.33,Matches
418,Wayne Routledge\Wayne-Routledge,eng ENG,MFFW,Swansea City,32,1985,4.8,23.3,36.9,63.3,380.6,114.8,10.6,14.4,73.9,9.17,13.3,68.8,2.08,4.79,43.5,0.00,0.21,-0.21,1.25,1.25,1.46,0.83,2.71,Matches
419,Antonio Rüdiger\Antonio-Rudiger,de GER,DF,Chelsea,24,1993,26.0,57.2,64.8,88.2,1209.0,356.4,16.7,18.2,92.0,30.9,33.2,93.2,8.92,12.3,72.3,0.04,0.02,0.02,0.08,5.00,0.12,0.00,3.27,Matches
420,Mathew Ryan\Mathew-Ryan,au AUS,GK,Brighton,25,1992,38.0,13.2,25.3,52.1,597.7,444.8,0.55,0.55,100.0,3.37,3.45,97.7,9.26,21.3,43.6,0.00,0.00,0.00,0.00,0.53,0.00,0.00,0.00,Matches
421,Abdelhamid Sabiri\Abdelhamid-Sabiri,de GER,MFDF,Huddersfield,20,1996,2.4,23.8,36.7,64.8,371.7,115.0,12.5,18.3,68.2,7.50,10.8,69.2,2.50,5.00,50.0,0.42,0.08,0.33,0.83,4.58,0.83,0.42,2.50,Matches
422,Henri Saivet\Henri-Saivet,sn SEN,MF,Newcastle Utd,26,1990,0.9,15.6,30.0,51.9,245.6,43.3,10.0,13.3,75.0,3.33,10.0,33.3,2.22,5.56,40.0,0.00,0.00,0.00,0.00,0.00,0.00,0.00,1.11,Matches
423,Diafra Sakho\Diafra-Sakho,sn SEN,FWMF,West Ham,27,1989,3.4,12.9,20.3,63.8,195.3,19.7,8.24,10.3,80.0,3.24,5.88,55.0,1.18,2.06,57.1,0.00,0.00,0.00,0.29,0.59,0.59,0.00,0.88,Matches
424,Mamadou Sakho\Mamadou-Sakho,fr FRA,DF,Crystal Palace,27,1990,17.8,34.2,41.4,82.5,663.4,277.0,11.9,13.4,89.1,17.5,20.0,87.4,4.38,7.02,62.4,0.11,0.06,0.05,0.11,1.91,0.06,0.00,2.30,Matches
425,Bakary Sako\Bakary-Sako,ml MLI,FWMF,Crystal Palace,29,1988,5.3,17.9,28.5,62.9,297.7,76.8,10.2,12.6,80.6,4.34,7.36,59.0,2.08,5.09,40.7,0.00,0.15,-0.15,1.32,1.32,0.94,0.57,1.51,Matches
426,Mohamed Salah\Mohamed-Salah,eg EGY,FWMF,Liverpool,25,1992,32.3,23.6,32.3,73.1,375.0,109.0,12.2,15.4,79.1,8.30,10.7,77.9,2.01,3.99,50.4,0.31,0.26,0.05,1.92,1.11,1.52,0.28,3.13,Matches
427,Renato Sanches\Renato-Sanches,pt POR,MF,Swansea City,19,1997,7.8,41.4,52.9,78.2,728.5,182.6,18.3,21.8,84.1,16.9,20.1,84.1,4.62,9.23,50.0,0.00,0.05,-0.05,0.77,3.59,0.26,0.00,3.97,Matches
428,Alexis Sánchez\Alexis-Sanchez,cl CHI,FWMF,Arsenal,28,1988,16.7,38.3,54.6,70.1,720.4,224.4,17.8,22.0,80.7,13.4,18.9,70.9,6.11,10.5,58.0,0.18,0.32,-0.14,2.93,3.05,4.85,0.78,7.96,Matches
429,Alexis Sánchez\Alexis-Sanchez,cl CHI,FWMF,Manchester Utd,28,1988,11.6,38.0,53.1,71.6,622.3,193.9,20.3,24.3,83.7,12.3,17.0,72.6,3.97,7.67,51.7,0.26,0.16,0.09,1.90,3.88,3.10,0.43,6.12,Matches
430,Davinson Sánchez\Davinson-Sanchez,co COL,DF,Tottenham,21,1996,28.2,59.0,66.5,88.6,1316.4,426.4,15.4,17.1,90.4,30.9,32.9,93.8,12.2,15.8,77.5,0.00,0.00,-0.00,0.14,3.19,0.07,0.00,2.87,Matches
431,Leroy Sané\Leroy-Sane,de GER,FW,Manchester City,21,1996,26.9,34.4,43.8,78.5,511.3,107.6,19.3,22.7,85.1,12.1,14.8,81.7,1.82,3.75,48.5,0.56,0.29,0.27,2.04,0.74,1.60,0.37,2.49,Matches
432,Ezequiel Schelotto\Ezequiel-Schelotto,it ITA,DF,Brighton,28,1989,14.6,30.2,41.5,72.8,550.3,240.9,13.2,15.5,84.6,12.8,17.7,72.5,3.84,6.71,57.1,0.00,0.05,-0.05,0.27,2.60,0.48,0.34,2.26,Matches
433,Christopher Schindler\Christopher-Schindler,de GER,DF,Huddersfield,27,1990,36.3,31.8,40.1,79.3,688.2,208.4,8.95,10.7,83.5,15.8,18.5,85.0,6.64,9.89,67.1,0.03,0.05,-0.02,0.17,1.60,0.00,0.00,1.52,Matches
434,Jeffrey Schlupp\Jeffrey-Schlupp,gh GHA,DFMF,Crystal Palace,24,1992,19.4,30.0,41.6,72.1,499.6,193.8,14.1,17.1,82.8,12.4,16.3,76.3,2.42,5.57,43.5,0.05,0.04,0.01,0.62,2.84,0.46,0.10,2.94,Matches
435,Kasper Schmeichel\Kasper-Schmeichel,dk DEN,GK,Leicester City,30,1986,32.9,15.1,28.8,52.4,655.1,453.3,0.97,1.00,97.0,4.59,4.77,96.2,9.51,23.0,41.3,0.00,0.00,0.00,0.03,0.76,0.00,0.00,0.06,Matches
436,Morgan Schneiderlin\Morgan-Schneiderlin,fr FRA,MF,Everton,27,1989,23.7,40.0,48.4,82.8,735.0,213.2,17.5,19.9,88.1,16.7,19.2,86.8,4.81,7.68,62.6,0.00,0.01,-0.01,0.38,4.81,0.13,0.04,3.12,Matches
437,Xherdan Shaqiri\Xherdan-Shaqiri,ch SUI,FWMF,Stoke City,25,1991,33.8,26.4,37.3,70.8,536.1,177.8,11.0,12.8,86.1,9.32,12.0,78.0,5.36,10.9,49.3,0.21,0.21,0.00,2.16,2.78,1.66,0.38,3.91,Matches
438,Luke Shaw\Luke-Shaw,eng ENG,DF,Manchester Utd,22,1995,8.8,52.3,65.6,79.7,778.4,277.8,28.3,31.7,89.2,19.9,23.9,83.3,2.27,6.02,37.7,0.00,0.05,-0.05,1.02,4.20,0.91,0.11,5.45,Matches
439,Ryan Shawcross\Ryan-Shawcross,eng ENG,DF,Stoke City,29,1987,26.3,17.3,26.2,66.0,392.8,169.0,4.60,6.46,71.2,9.01,12.5,72.3,3.61,6.84,52.8,0.04,0.00,0.03,0.04,1.79,0.08,0.00,1.67,Matches
440,Jonjo Shelvey\Jonjo-Shelvey,eng ENG,MF,Newcastle Utd,25,1992,25.2,39.6,56.5,70.0,948.9,353.5,12.0,13.9,86.3,16.1,20.2,79.8,10.8,21.2,50.8,0.12,0.09,0.03,1.55,5.79,1.31,0.36,5.67,Matches
441,Gylfi Sigurðsson\Gylfi-Sigurdsson,is ISL,MFFW,Everton,27,1989,25.1,22.5,34.2,65.9,379.5,126.1,11.5,13.2,87.3,8.01,10.6,75.3,2.35,8.05,29.2,0.12,0.16,-0.04,1.59,1.83,0.64,0.08,2.67,Matches
442,Adrien Silva\Adrien-Silva,pt POR,MFFW,Leicester City,28,1989,8.5,40.1,49.2,81.6,710.9,211.4,16.4,19.8,82.7,17.4,19.5,89.2,4.47,6.82,65.5,0.12,0.08,0.04,0.94,4.24,0.82,0.12,3.88,Matches
443,Bernardo Silva\Bernardo-Silva,pt POR,FWMF,Manchester City,22,1994,17.0,48.8,57.9,84.3,796.4,144.5,25.9,28.1,92.1,18.1,21.0,86.0,4.00,6.29,63.6,0.24,0.09,0.14,1.65,1.71,1.82,0.35,3.24,Matches
444,David Silva\David-Silva,es ESP,MF,Manchester City,31,1986,27.0,79.1,90.7,87.2,1287.3,283.1,38.9,42.7,91.0,32.9,36.5,90.3,5.41,8.19,66.1,0.41,0.26,0.14,2.22,6.67,3.19,0.22,7.52,Matches
445,Danny Simpson\Danny-Simpson,eng ENG,DF,Leicester City,30,1987,25.6,32.8,44.7,73.4,592.0,240.4,14.5,17.2,84.4,14.1,18.1,77.8,3.79,7.81,48.5,0.00,0.01,-0.01,0.23,2.23,0.31,0.23,1.99,Matches
446,Jack Simpson\Jack-Simpson,eng ENG,DF,Bournemouth,20,1996,0.8,3.75,5.00,75.0,91.3,11.3,1.25,1.25,100.0,1.25,1.25,100.0,1.25,2.50,50.0,0.00,0.00,0.00,0.00,0.00,0.00,0.00,0.00,Matches
447,Josh Sims\Josh-Sims,eng ENG,FWMF,Southampton,20,1997,1.8,27.2,36.1,75.4,385.6,121.1,15.0,19.4,77.1,8.89,11.1,80.0,1.67,2.78,60.0,0.00,0.06,-0.06,0.56,2.78,1.11,1.11,2.78,Matches
448,Jerome Sinclair\Jerome-Sinclair,eng ENG,MFFW,Watford,20,1996,0.3,26.7,26.7,100.0,390.0,136.7,16.7,16.7,100.0,10.0,10.0,100.0,0.00,0.00,,0.00,0.00,0.00,3.33,0.00,3.33,0.00,6.67,Matches
449,Moussa Sissoko\Moussa-Sissoko,fr FRA,MFFW,Tottenham,27,1989,15.4,47.4,57.5,82.5,766.0,179.4,24.0,27.2,88.3,18.4,22.1,83.2,3.51,5.13,68.4,0.06,0.16,-0.09,1.69,3.83,1.36,0.39,4.35,Matches
450,Islam Slimani\Islam-Slimani,dz ALG,FW,Leicester City,29,1988,2.8,27.9,40.0,69.6,350.7,63.6,18.2,23.6,77.3,7.86,10.0,78.6,0.36,1.07,33.3,0.36,0.04,0.32,0.71,0.71,1.79,0.00,2.50,Matches
451,Islam Slimani\Islam-Slimani,dz ALG,FW,Newcastle Utd,29,1988,1.5,19.3,32.0,60.4,298.7,87.3,13.3,18.0,74.1,4.00,8.00,50.0,2.00,3.33,60.0,0.00,0.27,-0.27,2.00,0.67,0.67,0.00,2.00,Matches
452,Chris Smalling\Chris-Smalling,eng ENG,DF,Manchester Utd,27,1989,28.2,35.2,41.0,85.8,743.5,170.6,9.26,10.6,87.0,19.6,21.8,89.9,5.89,7.55,77.9,0.00,0.02,-0.02,0.11,1.06,0.04,0.00,0.92,Matches
453,Adam Smith\Adam-Smith,eng ENG,DFMF,Bournemouth,26,1991,23.0,37.3,47.4,78.8,610.7,197.6,18.7,20.9,89.4,15.0,18.3,81.9,2.78,5.87,47.4,0.13,0.06,0.07,0.83,2.22,0.83,0.35,3.00,Matches
454,Tommy Smith\Tommy-Smith,eng ENG,DF,Huddersfield,25,1992,21.2,35.6,51.9,68.6,658.8,269.9,15.9,18.3,86.9,14.3,20.2,70.9,4.95,11.3,43.8,0.05,0.08,-0.04,0.71,1.93,0.90,0.61,2.78,Matches
455,Cédric Soares\Cedric-Soares,pt POR,DF,Southampton,25,1991,31.0,39.8,55.5,71.6,713.3,304.5,18.7,21.1,88.4,15.7,20.0,78.4,4.61,12.2,37.9,0.10,0.10,-0.00,0.71,2.97,1.26,0.74,4.26,Matches
456,Ramadan Sobhi\Ramadan-Sobhi,eg EGY,MFFW,Stoke City,20,1997,13.8,24.2,32.5,74.6,358.5,111.2,13.0,16.3,80.0,9.20,11.9,77.4,1.30,2.25,58.1,0.00,0.09,-0.09,1.09,1.16,1.09,0.22,2.32,Matches
457,Dominic Solanke\Dominic-Solanke,eng ENG,FW,Liverpool,19,1997,6.6,22.6,30.0,75.3,276.8,61.2,15.2,18.3,82.6,5.30,7.73,68.6,0.61,0.76,80.0,0.15,0.30,-0.15,2.12,1.06,0.91,0.00,1.97,Matches
458,Pape Souaré\Pape-Souare,sn SEN,DF,Crystal Palace,27,1990,0.1,90.0,110.0,81.8,1470.0,240.0,50.0,50.0,100.0,40.0,60.0,66.7,0.00,0.00,,0.00,0.00,0.00,0.00,10.0,0.00,0.00,0.00,Matches
459,Julián Speroni\Julian-Speroni,ar ARG,GK,Crystal Palace,38,1979,11.0,9.55,21.1,45.3,410.7,340.9,0.91,0.91,100.0,2.45,2.55,96.4,6.18,17.5,35.2,0.00,0.00,0.00,0.00,0.64,0.00,0.00,0.00,Matches
460,Kostas Stafylidis\Kostas-Stafylidis,gr GRE,DFMF,Stoke City,23,1993,3.7,25.4,36.5,69.6,475.1,203.2,10.3,11.9,86.4,11.9,15.7,75.9,3.24,7.57,42.9,0.00,0.00,0.00,0.54,1.62,0.27,0.00,1.62,Matches
461,Junior Stanislas\Junior-Stanislas,eng ENG,MFFW,Bournemouth,27,1989,14.3,28.2,39.6,71.2,474.8,164.1,13.7,17.0,80.7,11.7,14.3,82.4,2.24,5.52,40.5,0.14,0.15,-0.01,1.82,1.96,1.61,0.07,4.20,Matches
462,Dale Stephens\Dale-Stephens,eng ENG,MF,Brighton,28,1989,36.0,40.3,48.1,83.9,886.9,237.6,11.8,13.7,86.0,19.1,21.8,87.9,8.81,11.6,76.0,0.08,0.06,0.03,0.47,4.33,0.50,0.00,4.58,Matches
463,Jack Stephens\Jack-Stephens,eng ENG,DF,Southampton,23,1994,22.0,33.2,44.9,74.0,702.1,289.2,11.1,12.9,86.6,15.2,19.0,80.3,6.45,11.5,55.9,0.00,0.00,-0.00,0.09,2.73,0.14,0.09,2.00,Matches
464,Raheem Sterling\Raheem-Sterling,eng ENG,FW,Manchester City,22,1994,28.7,34.8,42.0,82.9,469.2,100.5,21.5,24.5,87.9,10.9,12.9,84.4,1.01,1.74,58.0,0.38,0.22,0.16,1.85,1.11,2.09,0.21,3.07,Matches
465,John Stones\John-Stones,eng ENG,DF,Manchester City,23,1994,14.5,80.1,83.7,95.6,1653.3,547.4,27.2,28.1,96.8,39.2,40.1,97.8,13.2,15.0,88.1,0.00,0.00,0.00,0.00,4.83,0.07,0.00,4.14,Matches
466,Daniel Sturridge\Daniel-Sturridge,eng ENG,FW,Liverpool,27,1989,4.8,21.0,26.5,79.5,325.2,73.3,9.58,12.1,79.3,8.54,10.0,85.4,1.04,1.67,62.5,0.21,0.19,0.02,2.50,1.25,1.46,0.00,2.50,Matches
467,Daniel Sturridge\Daniel-Sturridge,eng ENG,FW,West Brom,27,1989,1.3,17.7,23.8,74.2,314.6,114.6,9.23,11.5,80.0,5.38,6.15,87.5,3.08,5.38,57.1,0.00,0.00,0.00,1.54,1.54,1.54,0.00,3.08,Matches
468,Ki Sung-yueng\Ki-Sung-yueng,kr KOR,MF,Swansea City,28,1989,20.8,36.1,43.2,83.5,741.4,158.8,13.1,14.3,91.6,16.1,17.8,90.3,6.35,9.62,66.0,0.10,0.08,0.01,1.01,2.69,0.63,0.05,2.16,Matches
469,Andrew Surman\Andrew-Surman,eng ENG,MF,Bournemouth,30,1986,20.6,47.0,56.7,82.9,920.0,252.4,17.2,20.0,85.7,21.9,24.8,88.4,7.04,10.1,69.7,0.24,0.07,0.17,0.92,4.76,0.97,0.10,5.58,Matches
470,Markus Suttner\Markus-Suttner,at AUT,DF,Brighton,30,1987,13.1,32.9,46.1,71.4,687.7,306.9,10.9,12.6,86.7,15.9,19.5,81.6,5.88,13.0,45.3,0.00,0.04,-0.04,0.53,2.90,0.46,0.23,4.27,Matches
471,Lasse Sørensen\Lasse-Sorensen,dk DEN,MF,Stoke City,17,1999,0.8,53.8,70.0,76.8,1210.0,511.3,12.5,18.8,66.7,31.3,36.3,86.2,10.0,13.8,72.7,0.00,0.25,-0.25,2.50,7.50,0.00,0.00,1.25,Matches
472,Alexander Sørloth\Alexander-Sorloth,no NOR,FW,Crystal Palace,21,1995,4.0,16.5,27.3,60.6,229.5,60.3,8.50,13.0,65.4,7.25,10.3,70.7,0.00,1.50,0.0,0.00,0.13,-0.13,1.50,0.25,0.00,0.00,1.50,Matches
473,Dušan Tadić\Dusan-Tadic,rs SRB,MFFW,Southampton,28,1988,31.0,27.8,39.9,69.6,470.3,129.2,14.3,17.4,82.3,9.94,13.8,72.1,2.71,6.13,44.2,0.10,0.22,-0.12,2.00,1.97,1.65,0.55,3.48,Matches
474,Matt Targett\Matt-Targett,eng ENG,DF,Southampton,21,1995,1.8,40.6,59.4,68.2,820.6,407.8,17.8,18.9,94.1,15.0,21.1,71.1,7.22,16.7,43.3,0.00,0.11,-0.11,0.56,1.67,0.00,0.00,3.33,Matches
475,James Tarkowski\James-Tarkowski,eng ENG,DF,Burnley,24,1992,31.0,25.5,36.4,70.1,625.5,249.8,6.90,8.87,77.8,12.0,14.9,80.3,6.45,11.9,54.2,0.00,0.03,-0.03,0.32,2.52,0.19,0.03,2.19,Matches
476,Charlie Taylor\Charlie-Taylor,eng ENG,DF,Burnley,23,1993,10.6,28.6,42.9,66.6,537.5,225.8,12.0,14.9,80.4,12.3,15.4,79.8,3.49,10.1,34.6,0.00,0.02,-0.02,0.47,1.60,0.75,0.47,2.17,Matches
477,James Tomkins\James-Tomkins,eng ENG,DF,Crystal Palace,28,1989,26.5,27.4,35.2,77.9,617.9,210.3,7.32,8.83,82.9,14.1,16.6,85.0,5.89,9.40,62.7,0.00,0.01,-0.01,0.08,1.66,0.04,0.04,1.43,Matches
478,Cenk Tosun\Cenk-Tosun,tr TUR,FW,Everton,26,1991,11.0,17.3,25.4,68.1,255.2,45.2,9.09,12.7,71.4,5.36,7.45,72.0,1.36,2.45,55.6,0.00,0.11,-0.11,1.09,0.64,0.64,0.09,1.00,Matches
479,Yaya Touré\Yaya-Toure,ci CIV,MF,Manchester City,34,1983,2.6,147.3,156.9,93.9,2399.2,638.5,81.2,84.2,96.3,50.8,53.8,94.3,12.7,15.8,80.5,0.77,0.31,0.46,2.69,14.2,2.31,0.00,13.8,Matches
480,Andros Townsend\Andros-Townsend,eng ENG,FWMF,Crystal Palace,26,1991,34.7,24.0,34.5,69.6,409.3,119.9,11.4,13.3,85.7,9.19,12.4,73.8,2.62,6.11,42.9,0.20,0.18,0.03,1.70,1.41,1.44,0.37,2.54,Matches
481,Kieran Trippier\Kieran-Trippier,eng ENG,DFMF,Tottenham,26,1990,21.3,56.6,74.2,76.3,1110.1,388.4,21.0,23.4,89.6,26.9,33.2,80.9,7.98,15.2,52.5,0.23,0.15,0.08,1.92,3.10,2.16,0.66,5.63,Matches
482,Axel Tuanzebe\Axel-Tuanzebe,eng ENG,FW,Manchester Utd,19,1997,0.0,0,0,,0,0,0,0,,0,0,,0,0,,0,0.0,0.0,0,0,0,0,0,Matches
483,Josh Tymon\Josh-Tymon,eng ENG,DF,Stoke City,18,1999,1.8,40.6,48.3,83.9,642.8,199.4,20.0,21.7,92.3,17.2,20.0,86.1,2.78,5.56,50.0,0.00,0.00,0.00,0.00,2.78,0.00,0.00,2.78,Matches
484,Leonardo Ulloa\Leonardo-Ulloa,ar ARG,FW,Leicester City,31,1986,0.2,60.0,70.0,85.7,875.0,105.0,45.0,55.0,81.8,10.0,10.0,100.0,5.00,5.00,100.0,0.00,0.00,0.00,0.00,5.00,0.00,0.00,0.00,Matches
485,Leonardo Ulloa\Leonardo-Ulloa,ar ARG,FW,Brighton,31,1986,3.0,29.0,40.0,72.5,380.0,92.3,19.7,25.3,77.6,7.67,10.3,74.2,1.00,1.67,60.0,0.00,0.10,-0.10,2.00,2.33,0.33,0.00,3.00,Matches
486,Antonio Valencia\Antonio-Valencia,ec ECU,DF,Manchester Utd,31,1985,30.4,51.0,62.5,81.6,822.9,327.2,27.8,30.2,92.0,18.2,21.3,85.6,4.08,8.45,48.2,0.03,0.06,-0.03,0.76,3.16,0.72,0.33,3.55,Matches
487,Jamie Vardy\Jamie-Vardy,eng ENG,FW,Leicester City,30,1987,36.1,8.70,14.5,60.2,160.7,23.9,3.71,5.62,66.0,3.32,5.40,61.5,1.25,2.05,60.8,0.03,0.07,-0.05,0.78,0.50,0.47,0.19,0.58,Matches
488,Jan Vertonghen\Jan-Vertonghen,be BEL,DF,Tottenham,30,1987,35.6,59.7,69.8,85.6,1305.7,418.3,15.8,17.6,90.0,32.2,35.2,91.5,11.2,15.8,70.7,0.00,0.03,-0.03,0.31,6.29,0.28,0.03,5.48,Matches
489,Nikola Vlašić\Nikola-Vlasic,hr CRO,FWMF,Everton,19,1997,6.4,24.5,34.1,72.0,342.8,80.6,13.9,17.7,78.8,8.44,10.9,77.1,0.78,1.72,45.5,0.00,0.09,-0.09,1.41,1.09,0.78,0.16,2.03,Matches
490,Sam Vokes\Sam-Vokes,wal WAL,FW,Burnley,27,1989,11.1,12.7,23.9,53.2,173.4,45.1,8.02,14.2,56.3,3.78,7.12,53.2,0.54,1.17,46.2,0.09,0.06,0.03,0.63,0.81,0.09,0.00,1.62,Matches
491,Michel Vorm\Michel-Vorm,nl NED,GK,Tottenham,33,1983,1.0,25.0,28.0,89.3,704.0,267.0,2.00,2.00,100.0,15.0,15.0,100.0,8.00,11.0,72.7,0.00,0.00,0.00,0.00,0.00,0.00,0.00,0.00,Matches
492,Molla Wagué\Molla-Wague,ml MLI,DF,Watford,26,1991,4.9,22.0,30.4,72.5,533.5,225.5,5.71,7.35,77.8,10.0,12.2,81.7,6.33,10.4,60.8,0.00,0.00,0.00,0.00,1.84,0.20,0.20,1.63,Matches
493,Theo Walcott\Theo-Walcott,eng ENG,FWMF,Everton,28,1989,12.8,18.4,27.3,67.6,288.1,90.9,9.84,11.6,85.1,6.48,10.2,63.4,1.33,3.44,38.6,0.23,0.12,0.12,1.02,1.25,1.17,0.55,2.34,Matches
494,Theo Walcott\Theo-Walcott,eng ENG,MFFW,Arsenal,28,1989,0.8,15.0,27.5,54.5,202.5,6.25,8.75,16.3,53.8,6.25,10.0,62.5,0.00,1.25,0.0,0.00,0.00,0.00,0.00,0.00,0.00,0.00,0.00,Matches
495,Kyle Walker\Kyle-Walker,eng ENG,DF,Manchester City,27,1990,30.9,71.0,82.8,85.7,1292.6,368.1,29.9,32.8,91.3,32.6,36.5,89.4,7.51,11.4,65.9,0.19,0.15,0.04,0.97,7.54,1.00,0.29,5.70,Matches
496,Kyle Walker-Peters\Kyle-Walker-Peters,eng ENG,DF,Tottenham,20,1997,2.1,45.2,58.6,77.2,762.4,253.3,20.0,22.9,87.5,19.0,25.7,74.1,4.76,6.67,71.4,0.95,0.71,0.24,1.43,0.95,2.86,0.95,4.29,Matches
497,Jonathan Walters\Jonathan-Walters,ie IRL,FW,Burnley,33,1983,0.4,10.0,30.0,33.3,177.5,2.50,5.00,17.5,28.6,5.00,10.0,50.0,0.00,2.50,0.0,0.00,0.00,0.00,0.00,0.00,0.00,0.00,0.00,Matches
498,Aaron Wan-Bissaka\Aaron-Wan-Bissaka,eng ENG,DF,Crystal Palace,19,1997,7.0,26.4,39.4,67.0,429.6,246.1,12.4,15.9,78.4,11.1,16.4,67.8,2.00,4.86,41.2,0.00,0.06,-0.06,0.43,2.14,0.71,0.43,3.43,Matches
499,Victor Wanyama\Victor-Wanyama,ke KEN,MF,Tottenham,26,1991,9.4,57.0,65.2,87.4,1084.5,257.0,21.8,23.5,92.8,27.4,30.5,89.9,7.13,9.47,75.3,0.00,0.01,-0.01,0.32,6.60,0.00,0.00,4.79,Matches
500,Joel Ward\Joel-Ward,eng ENG,DF,Crystal Palace,27,1989,17.9,36.2,50.9,71.1,635.6,268.6,17.2,20.4,84.4,13.0,16.6,78.1,4.80,11.1,43.4,0.06,0.07,-0.01,0.39,3.13,0.89,0.56,3.52,Matches
501,Stephen Ward\Stephen-Ward,ie IRL,DF,Burnley,31,1985,27.3,31.0,47.3,65.5,610.7,284.0,12.3,14.9,82.8,13.1,18.4,71.1,5.09,12.2,41.6,0.04,0.08,-0.04,0.62,2.89,0.88,0.55,3.44,Matches
502,James Ward-Prowse\James-Ward-Prowse,eng ENG,FWMF,Southampton,22,1994,19.1,33.5,48.3,69.3,620.4,174.5,14.8,17.5,84.7,13.7,17.7,77.0,4.50,11.2,40.2,0.16,0.15,0.01,1.78,2.51,0.68,0.31,2.83,Matches
503,Ben Watson\Ben-Watson,eng ENG,MF,Watford,32,1985,5.1,39.4,48.6,81.0,752.0,281.0,16.7,18.2,91.4,17.5,20.2,86.4,5.10,8.63,59.1,0.00,0.02,-0.02,0.59,3.92,0.20,0.00,3.33,Matches
504,Danny Welbeck\Danny-Welbeck,eng ENG,FWMF,Arsenal,26,1990,13.3,24.0,29.7,80.8,328.0,46.1,13.7,16.3,83.9,8.12,9.70,83.7,0.68,1.13,60.0,0.15,0.08,0.07,0.98,1.05,0.68,0.00,1.43,Matches
505,Nahki Wells\Nahki-Wells,bm BER,FW,Burnley,27,1990,0.6,30.0,35.0,85.7,451.7,23.3,11.7,11.7,100.0,13.3,16.7,80.0,1.67,1.67,100.0,0.00,0.00,0.00,0.00,0.00,0.00,0.00,1.67,Matches
506,Ashley Westwood\Ashley-Westwood,eng ENG,MF,Burnley,27,1990,12.3,38.1,48.5,78.7,852.2,219.3,11.2,13.4,83.6,18.8,21.8,86.2,7.64,12.4,61.4,0.08,0.05,0.03,0.57,4.23,0.65,0.08,3.74,Matches
507,Dean Whitehead\Dean-Whitehead,eng ENG,MF,Huddersfield,35,1982,0.8,48.8,58.8,83.0,1067.5,223.8,13.8,18.8,73.3,21.3,22.5,94.4,12.5,16.3,76.9,0.00,0.00,0.00,0.00,0.00,0.00,0.00,0.00,Matches
508,Georginio Wijnaldum\Georginio-Wijnaldum,nl NED,MF,Liverpool,26,1990,26.5,42.6,47.7,89.2,766.7,132.1,17.8,19.5,91.1,20.0,22.0,90.9,4.04,5.02,80.5,0.08,0.05,0.03,0.83,3.47,0.49,0.04,2.64,Matches
509,Ashley Williams\Ashley-Williams,wal WAL,DF,Everton,32,1984,20.4,29.4,37.9,77.6,694.6,209.1,6.62,7.65,86.5,15.0,17.3,86.4,7.40,11.8,62.9,0.00,0.00,0.00,0.10,1.67,0.10,0.00,1.32,Matches
510,Danny Williams\Danny-Williams,us USA,MF,Huddersfield,28,1989,12.5,25.8,34.6,74.6,491.0,87.4,9.44,11.0,86.1,12.6,15.7,80.1,3.36,6.80,49.4,0.00,0.04,-0.04,0.40,2.08,0.32,0.00,1.52,Matches
511,Willian\Willian,br BRA,FWMF,Chelsea,28,1988,21.0,36.6,49.0,74.7,654.0,150.8,17.1,20.5,83.5,14.4,17.8,81.0,4.38,8.05,54.4,0.33,0.25,0.08,3.10,2.81,2.10,0.29,4.38,Matches
512,Joe Willock\Joe-Willock,eng ENG,MF,Arsenal,17,1999,0.9,31.1,36.7,84.8,578.9,113.3,13.3,15.6,85.7,14.4,15.6,92.9,3.33,5.56,60.0,0.00,0.00,0.00,0.00,5.56,0.00,0.00,2.22,Matches
513,Jack Wilshere\Jack-Wilshere,eng ENG,MF,Arsenal,25,1992,13.3,52.2,60.4,86.4,870.6,211.4,24.4,26.9,90.8,21.0,23.0,91.2,4.89,7.89,61.9,0.23,0.17,0.05,1.13,4.74,1.65,0.00,6.09,Matches
514,Callum Wilson\Callum-Wilson,eng ENG,FW,Bournemouth,25,1992,22.0,13.5,19.5,69.5,187.5,38.2,8.64,11.0,78.8,3.64,5.00,72.7,0.64,1.14,56.0,0.09,0.08,0.01,0.86,0.64,0.68,0.05,1.23,Matches
515,Kevin Wimmer\Kevin-Wimmer,at AUT,DF,Stoke City,24,1992,14.7,30.4,39.5,77.1,633.1,287.6,10.5,12.0,88.1,13.6,16.9,80.6,5.44,9.18,59.3,0.00,0.01,-0.01,0.14,3.33,0.07,0.00,2.52,Matches
516,Harry Winks\Harry-Winks,eng ENG,MF,Tottenham,21,1996,8.6,66.3,74.8,88.6,1243.8,247.9,27.3,29.7,92.2,29.1,32.1,90.6,8.95,11.2,80.2,0.12,0.06,0.06,1.05,7.21,0.93,0.23,5.00,Matches
517,Chris Wood\Chris-Wood,nz NZL,FW,Burnley,25,1991,18.0,13.4,22.2,60.7,190.3,22.7,7.72,12.0,64.4,4.28,6.39,67.0,0.56,1.44,38.5,0.06,0.04,0.01,0.61,0.28,0.22,0.06,0.72,Matches
518,Ben Woodburn\Ben-Woodburn,wal WAL,MF,Liverpool,17,1999,0.1,70.0,80.0,87.5,1060.0,140.0,40.0,40.0,100.0,10.0,10.0,100.0,10.0,10.0,100.0,0.00,0.00,0.00,0.00,10.0,0.00,0.00,0.00,Matches
519,Granit Xhaka\Granit-Xhaka,ch SUI,MF,Arsenal,24,1992,36.2,73.8,86.5,85.4,1534.2,407.6,25.3,28.0,90.2,34.3,38.2,89.8,13.1,18.3,71.8,0.19,0.11,0.09,1.16,10.3,1.33,0.03,8.59,Matches
520,Claudio Yacob\Claudio-Yacob,ar ARG,MF,West Brom,30,1987,10.0,30.7,37.5,81.9,598.5,143.2,10.9,12.4,87.9,15.3,17.9,85.5,4.10,6.20,66.1,0.00,0.00,0.00,0.10,2.90,0.00,0.00,2.60,Matches
521,DeAndre Yedlin\DeAndre-Yedlin,us USA,DF,Newcastle Utd,24,1993,31.6,30.9,42.1,73.4,513.7,222.0,15.6,18.0,86.6,12.3,16.4,75.1,2.41,6.17,39.0,0.06,0.06,0.00,0.66,1.71,0.89,0.66,2.12,Matches
522,Maya Yoshida\Maya-Yoshida,jp JPN,DF,Southampton,28,1988,22.8,38.8,47.4,81.8,848.0,290.8,11.0,12.3,89.0,20.5,22.7,90.3,7.19,11.6,61.9,0.00,0.02,-0.02,0.22,2.32,0.00,0.00,2.11,Matches
523,Ashley Young\Ashley-Young,eng ENG,DF,Manchester Utd,32,1985,27.1,46.0,61.1,75.3,858.8,348.1,21.4,24.1,88.7,17.3,21.4,80.9,6.61,13.1,50.3,0.15,0.11,0.04,0.96,4.21,1.37,0.89,4.32,Matches
524,Pablo Zabaleta\Pablo-Zabaleta,ar ARG,DFMF,West Ham,32,1985,36.5,30.5,42.8,71.3,539.5,251.5,13.8,16.1,85.7,12.8,17.2,74.4,3.34,7.42,45.0,0.03,0.03,-0.01,0.49,2.96,0.68,0.33,3.45,Matches
525,Wilfried Zaha\Wilfried-Zaha,ci CIV,FW,Crystal Palace,24,1992,28.3,17.5,25.4,69.0,281.4,78.0,8.45,10.8,78.4,7.03,9.19,76.5,1.13,2.65,42.7,0.11,0.17,-0.06,1.73,1.20,1.66,0.28,3.04,Matches
526,Davide Zappacosta\Davide-Zappacosta,it ITA,DFMF,Chelsea,25,1992,12.2,40.9,51.7,79.1,671.3,198.0,20.4,22.9,89.2,16.6,20.1,82.9,3.11,5.74,54.3,0.08,0.15,-0.07,1.15,0.82,1.39,1.31,2.30,Matches
527,Marvin Zeegelaar\Marvin-Zeegelaar,nl NED,DFMF,Watford,26,1990,11.0,37.5,50.6,74.0,630.7,294.1,19.6,22.5,87.1,14.0,19.2,73.0,3.09,5.91,52.3,0.09,0.05,0.04,0.64,3.27,0.82,0.55,3.73,Matches
528,Oleksandr Zinchenko\Oleksandr-Zinchenko,ua UKR,DF,Manchester City,20,1996,5.9,108.1,118.3,91.4,1757.5,465.9,53.9,57.1,94.4,46.6,49.3,94.5,6.27,8.81,71.2,0.00,0.07,-0.07,1.36,10.3,1.02,0.00,8.98,Matches
529,Kurt Zouma\Kurt-Zouma,fr FRA,DF,Stoke City,22,1994,32.1,25.9,35.4,73.1,562.2,241.0,8.41,10.2,82.3,12.4,16.2,76.9,4.74,7.98,59.4,0.00,0.03,-0.03,0.22,2.34,0.16,0.03,2.06,Matches