Rk,Player,Nation,Pos,Squad,Age,Born,90s,Touches,Def Pen,Def 3rd,Mid 3rd,Att 3rd,Att Pen,Live,Succ,Att,Succ%,#Pl,Megs,Carries,TotDist,PrgDist,Prog,1/3,CPA,Mis,Dis,Targ,Rec,Rec%,Prog,Matches
1,Patrick van Aanholt\Patrick-van-Aanholt,nl NED,DF,Crystal Palace,27,1990,35.5,64.7,3.89,19.1,30.2,19.2,2.20,54.9,0.76,1.21,62.8,0.79,0.03,41.4,206.1,115.9,5.86,1.75,0.56,0.76,0.54,41.3,38.1,92.1,2.00,Matches
2,Sergio Agüero\Sergio-Aguero,ar ARG,FW,Manchester City,30,1988,27.3,41.8,0.18,1.03,15.6,28.5,8.83,39.9,1.06,2.01,52.7,1.17,0.18,33.1,168.2,87.4,5.16,1.94,1.32,2.42,2.38,50.9,32.7,64.2,13.1,Matches
3,Nathan Aké\Nathan-Ake,nl NED,DF,Bournemouth,23,1995,37.9,56.6,9.45,35.5,20.6,3.75,1.16,54.6,0.08,0.16,50.0,0.08,0.00,33.3,173.0,89.3,1.48,0.55,0.00,0.42,0.13,35.4,33.9,95.6,1.11,Matches
4,Marc Albrighton\Marc-Albrighton,eng ENG,FWMF,Leicester City,28,1989,18.1,54.8,2.32,10.9,23.7,23.6,1.49,53.2,1.22,2.49,48.9,1.33,0.17,42.3,210.6,91.8,4.64,1.66,0.17,1.49,1.99,46.1,37.3,81.0,5.69,Matches
5,Toby Alderweireld\Toby-Alderweireld,be BEL,DF,Tottenham,29,1989,32.5,81.0,9.14,42.7,40.3,3.54,0.62,78.6,0.06,0.12,50.0,0.06,0.00,56.3,286.9,151.0,3.78,0.71,0.00,0.09,0.09,59.2,58.4,98.6,0.58,Matches
6,Trent Alexander-Arnold\Trent-Alexander-Arnold,eng ENG,DF,Liverpool,19,1998,27.4,90.9,3.07,21.4,42.7,31.5,1.61,75.0,0.73,1.42,51.3,0.84,0.11,58.7,215.3,125.3,5.84,2.01,0.18,1.02,0.58,60.1,56.3,93.7,3.43,Matches
7,Alisson\Alisson,br BRA,GK,Liverpool,25,1992,38.0,35.3,29.8,35.1,0.21,0.00,0.00,27.6,0.03,0.03,100.0,0.03,0.00,20.4,74.3,41.6,0.03,0.00,0.00,0.05,0.03,17.7,17.7,100.0,0.00,Matches
8,Dele Alli\Dele-Alli,eng ENG,MFFW,Tottenham,22,1996,20.3,64.7,1.53,8.28,32.9,27.9,5.12,63.2,1.38,2.81,49.1,1.63,0.30,49.3,224.0,114.9,5.22,1.82,0.64,2.02,1.63,59.8,47.5,79.5,10.8,Matches
9,Miguel Almirón\Miguel-Almiron,py PAR,FWMF,Newcastle Utd,24,1994,8.4,45.7,1.07,7.14,20.0,23.7,3.57,45.2,0.83,1.90,43.8,1.19,0.48,35.0,261.3,165.2,7.74,2.86,1.07,2.50,1.67,46.5,28.8,61.9,7.38,Matches
10,Marcos Alonso\Marcos-Alonso,es ESP,DF,Chelsea,27,1990,30.7,85.1,3.88,23.5,37.7,29.4,2.87,76.1,0.72,1.17,61.1,0.81,0.00,58.6,282.2,167.8,8.31,2.28,0.23,0.91,1.37,60.8,55.6,91.4,4.59,Matches
11,Daniel Amartey\Daniel-Amartey,gh GHA,DF,Leicester City,23,1994,7.1,70.0,5.92,26.5,38.7,8.73,0.42,62.5,0.14,0.42,33.3,0.28,0.00,43.1,155.6,79.6,3.10,1.13,0.00,0.28,0.56,40.7,38.6,94.8,0.56,Matches
12,Luke Amos\Luke-Amos,eng ENG,MF,Tottenham,21,1997,0.0,4,0,1,3,0,0,4,0,0,,0,0,1,0,0,0,0,0,1,0,1,1,100.0,0,Matches
13,Felipe Anderson\Felipe-Anderson,br BRA,FWMF,West Ham,25,1993,33.8,68.0,0.98,9.82,35.1,30.7,3.76,64.4,2.49,4.53,54.9,2.63,0.38,53.9,330.5,203.9,9.05,3.82,1.39,2.10,2.10,56.9,48.8,85.8,5.47,Matches
14,Florin Andone\Florin-Andone,ro ROU,FW,Brighton,25,1993,9.8,35.0,1.43,5.31,14.9,17.9,4.80,34.3,1.33,3.27,40.6,1.63,0.31,22.6,83.2,42.6,1.94,0.41,0.61,4.29,3.27,55.5,24.6,44.3,10.0,Matches
15,Michail Antonio\Michail-Antonio,eng ENG,FWMF,West Ham,28,1990,23.4,52.4,1.67,7.48,24.1,25.4,4.96,49.9,2.44,3.93,62.0,2.69,0.04,36.5,203.4,122.2,6.32,1.79,1.11,3.59,3.80,54.9,36.3,66.1,9.32,Matches
16,Stuart Armstrong\Stuart-Armstrong,sco SCO,MFFW,Southampton,26,1992,15.9,53.9,1.19,6.54,24.3,27.2,3.33,51.9,1.13,1.76,64.3,1.13,0.06,39.2,204.8,102.2,5.28,2.33,0.50,2.26,1.95,49.2,38.3,77.9,5.79,Matches
17,Marko Arnautović\Marko-Arnautovic,at AUT,FW,West Ham,29,1989,22.1,39.2,0.45,2.31,14.9,24.5,6.29,37.3,1.27,1.72,73.7,1.31,0.05,29.9,130.0,51.1,2.94,1.04,0.86,2.13,1.81,51.0,31.3,61.3,11.8,Matches
18,Kepa Arrizabalaga\Kepa-Arrizabalaga,es ESP,GK,Chelsea,23,1994,36.0,33.6,29.8,33.4,0.19,0.00,0.00,25.7,0.03,0.03,100.0,0.03,0.00,19.2,64.8,31.1,0.00,0.00,0.00,0.00,0.06,17.3,17.3,100.0,0.00,Matches
19,Harry Arter\Harry-Arter,ie IRL,MF,Cardiff City,28,1989,22.2,38.6,1.40,7.07,23.2,10.4,0.95,35.9,0.32,0.41,77.8,0.32,0.00,21.1,81.2,39.3,1.62,0.95,0.14,0.72,0.32,23.4,19.1,81.5,1.40,Matches
20,Christian Atsu\Christian-Atsu,gh GHA,MFFW,Newcastle Utd,26,1992,16.6,39.7,1.02,6.63,18.4,19.2,2.59,39.2,1.87,3.55,52.5,1.99,0.12,31.5,182.6,98.7,4.82,1.93,0.54,1.93,1.93,41.6,27.0,64.8,5.90,Matches
21,Pierre-Emerick Aubameyang\Pierre-Emerick-Aubameyang,ga GAB,FW,Arsenal,29,1989,30.3,35.4,0.59,3.10,14.7,19.8,5.18,34.0,0.96,1.85,51.8,1.06,0.00,26.7,136.4,76.0,4.55,1.19,1.02,2.21,1.22,47.9,27.4,57.3,9.67,Matches
22,Serge Aurier\Serge-Aurier,ci CIV,DFMF,Tottenham,25,1992,6.3,68.6,3.33,19.0,29.4,23.2,1.27,60.0,1.27,2.38,53.3,1.59,0.00,41.9,152.7,81.3,3.97,1.90,0.16,1.27,1.75,42.4,37.8,89.1,2.06,Matches
23,Charlie Austin\Charlie-Austin,eng ENG,FW,Southampton,29,1989,10.9,31.7,1.65,3.39,12.7,16.1,4.77,30.9,0.46,1.10,41.7,0.73,0.00,17.5,62.9,20.0,1.10,0.09,0.37,3.12,1.01,47.2,22.3,47.2,8.44,Matches
24,Jordan Ayew\Jordan-Ayew,gh GHA,FW,Crystal Palace,26,1991,13.1,37.6,0.53,4.05,18.0,18.1,4.73,36.8,1.83,2.75,66.7,1.91,0.08,28.3,140.8,63.5,3.05,0.84,0.46,3.28,3.36,48.6,25.2,51.8,10.5,Matches
25,Floyd Ayité\Floyd-Ayite,tg TOG,FWMF,Fulham,29,1988,5.3,54.3,1.13,8.49,27.4,23.8,3.77,53.4,2.45,4.15,59.1,2.83,0.19,40.8,210.4,105.5,4.91,1.70,0.94,2.45,2.83,51.1,37.4,73.1,7.74,Matches
26,César Azpilicueta\Cesar-Azpilicueta,es ESP,DF,Chelsea,28,1989,37.8,86.3,3.39,25.3,40.5,23.9,1.46,77.0,0.42,0.69,61.5,0.45,0.00,57.0,177.8,98.5,4.97,1.69,0.16,0.56,0.58,60.1,56.7,94.4,1.75,Matches
27,Ryan Babel\Ryan-Babel,nl NED,FW,Fulham,31,1986,13.9,48.2,1.58,5.90,25.7,20.6,2.45,46.0,2.59,3.24,80.0,2.66,0.14,40.6,213.7,101.5,5.32,1.94,0.79,2.16,2.23,53.3,37.1,69.6,8.27,Matches
28,Juninho Bacuna\Juninho-Bacuna,cw CUW,MFDF,Huddersfield,20,1997,15.7,62.6,1.21,12.1,39.7,14.4,0.76,58.4,1.97,3.82,51.7,2.29,0.25,44.4,207.5,99.0,4.33,1.15,0.19,1.21,1.59,42.0,38.0,90.4,1.59,Matches
29,Leandro Bacuna\Leandro-Bacuna,cw CUW,MFDF,Cardiff City,26,1991,6.2,39.5,3.06,13.1,21.1,8.23,0.65,36.1,0.65,0.97,66.7,0.65,0.00,18.2,151.5,80.5,2.58,1.13,0.16,0.65,0.97,15.6,12.6,80.4,0.65,Matches
30,Eric Bailly\Eric-Bailly,ci CIV,DF,Manchester Utd,24,1994,7.1,54.2,7.89,31.1,23.4,1.41,0.99,53.5,0.28,0.28,100.0,0.28,0.00,34.8,142.5,47.9,0.99,0.14,0.00,0.42,0.28,33.1,32.8,99.1,0.56,Matches
31,Leighton Baines\Leighton-Baines,eng ENG,DF,Everton,33,1984,4.2,68.6,2.62,13.1,37.4,20.5,0.24,52.4,0.00,0.24,0.0,0.00,0.00,38.8,145.0,83.8,3.81,1.19,0.00,0.48,0.00,41.9,38.8,92.6,1.43,Matches
32,Fabián Balbuena\Fabian-Balbuena,py PAR,DF,West Ham,26,1991,22.4,50.2,8.44,31.2,20.1,1.83,1.21,49.3,0.09,0.09,100.0,0.09,0.00,26.4,134.9,67.4,1.12,0.13,0.00,0.13,0.13,26.9,26.1,96.8,1.03,Matches
33,Leon Balogun\Leon-Balogun,ng NGA,DF,Brighton,30,1988,6.6,45.0,5.76,29.7,17.1,1.06,0.76,43.9,0.30,0.45,66.7,0.45,0.00,21.1,107.7,41.7,0.15,0.00,0.00,0.45,0.45,23.6,23.0,97.4,0.45,Matches
34,Sol Bamba\Sol-Bamba,ci CIV,DF,Cardiff City,33,1985,27.5,36.1,7.31,20.0,15.6,1.67,1.05,35.6,0.58,0.69,84.2,0.58,0.00,13.5,63.3,29.6,0.65,0.07,0.00,0.18,0.47,9.89,8.87,89.7,0.69,Matches
35,Phil Bardsley\Phil-Bardsley,sco SCO,DF,Burnley,33,1985,18.6,52.4,4.30,15.1,27.3,11.9,0.48,42.4,0.27,0.59,45.5,0.38,0.00,24.4,123.8,57.2,2.85,1.08,0.05,0.32,0.32,23.3,21.8,93.3,0.70,Matches
36,Ross Barkley\Ross-Barkley,eng ENG,MF,Chelsea,24,1993,13.8,82.5,1.88,11.5,50.4,26.3,3.55,80.4,1.38,1.88,73.1,1.38,0.00,67.8,281.2,129.5,6.23,2.54,0.51,0.87,2.39,72.4,65.7,90.7,5.94,Matches
37,Ashley Barnes\Ashley-Barnes,eng ENG,FW,Burnley,28,1989,26.5,34.5,1.28,3.32,15.7,17.0,4.57,33.5,0.42,0.72,57.9,0.45,0.00,20.0,67.6,33.4,1.77,0.53,0.45,3.62,1.51,54.0,23.8,44.1,8.91,Matches
38,Harvey Barnes\Harvey-Barnes,eng ENG,FWMF,Leicester City,20,1997,11.2,43.3,0.54,3.75,14.5,28.9,7.86,43.0,1.79,2.95,60.6,1.88,0.27,36.1,245.5,166.6,8.66,2.05,2.95,2.32,1.79,48.8,33.8,69.2,9.46,Matches
39,Antonio Barreca\Antonio-Barreca,it ITA,DF,Newcastle Utd,23,1995,0.1,30.0,0.00,0.00,20.0,10.0,0.00,30.0,0.00,0.00,,0.00,0.00,20.0,130.0,80.0,10.0,0.00,0.00,0.00,0.00,50.0,30.0,60.0,0.00,Matches
40,Michy Batshuayi\Michy-Batshuayi,be BEL,FW,Crystal Palace,24,1993,8.3,30.4,0.48,3.86,15.1,13.7,5.54,29.9,1.57,2.29,68.4,1.69,0.00,22.4,94.6,39.5,2.17,0.96,0.60,2.41,1.69,43.1,21.0,48.6,8.19,Matches
41,Jan Bednarek\Jan-Bednarek,pl POL,DF,Southampton,22,1996,23.9,49.4,7.28,24.7,25.3,1.51,0.42,46.2,0.08,0.13,66.7,0.08,0.00,20.4,99.7,51.3,1.63,0.29,0.00,0.13,0.17,20.5,19.7,96.3,0.21,Matches
42,Asmir Begović\Asmir-Begovic,ba BIH,GK,Bournemouth,31,1987,24.0,29.2,26.6,29.1,0.00,0.08,0.00,19.2,0.00,0.00,,0.00,0.00,12.5,57.5,31.5,0.00,0.00,0.00,0.04,0.00,8.71,8.67,99.5,0.00,Matches
43,Héctor Bellerín\Hector-Bellerin,es ESP,DF,Arsenal,23,1995,17.0,64.4,3.06,18.1,27.5,22.5,3.41,56.8,1.12,1.35,82.6,1.12,0.06,44.0,218.0,122.9,6.00,1.71,0.53,0.71,1.24,46.1,41.0,89.0,4.06,Matches
44,Joe Bennett\Joe-Bennett,eng ENG,DF,Cardiff City,28,1990,29.3,41.3,3.99,12.9,19.2,10.9,0.44,33.5,0.82,1.02,80.0,0.92,0.00,18.8,83.3,37.9,1.88,0.78,0.07,0.31,0.51,16.6,14.8,89.3,0.72,Matches
45,Ryan Bennett\Ryan-Bennett,eng ENG,DF,Wolves,28,1990,34.0,50.3,5.24,22.3,26.4,3.88,0.56,48.3,0.03,0.03,100.0,0.03,0.00,28.1,118.9,60.6,2.00,0.53,0.00,0.15,0.06,29.5,28.8,97.6,0.56,Matches
46,Christian Benteke\Christian-Benteke,be BEL,FW,Crystal Palace,27,1990,9.0,39.3,1.89,3.78,18.6,18.6,6.11,38.0,0.44,0.89,50.0,0.56,0.00,19.8,49.4,17.7,1.11,0.67,0.11,2.89,2.00,53.6,30.7,57.3,11.8,Matches
47,Jóhann Berg Guðmundsson\Johann-Berg-Gudmundsson,is ISL,MFFW,Burnley,27,1990,19.5,43.9,2.10,7.74,15.9,23.3,3.03,40.0,0.92,1.79,51.4,0.97,0.00,29.4,190.3,97.5,5.08,1.90,0.56,1.64,1.74,34.3,25.5,74.3,5.69,Matches
48,Bernard\Bernard,br BRA,FWMF,Everton,25,1992,23.5,51.2,0.89,9.70,22.7,23.7,3.49,50.8,1.91,3.79,50.6,2.04,0.13,41.1,224.6,127.4,6.13,2.00,0.94,2.94,1.79,45.1,34.9,77.5,7.06,Matches
49,Bernardo\Bernardo,br BRA,DF,Brighton,23,1995,19.5,65.0,5.13,24.1,30.7,14.3,0.62,54.1,0.77,0.97,78.9,0.82,0.00,34.1,184.1,107.7,4.41,1.33,0.10,0.92,0.67,33.5,30.4,90.7,1.13,Matches
50,Ryan Bertrand\Ryan-Bertrand,eng ENG,DF,Southampton,28,1989,24.0,54.8,2.88,12.3,23.0,22.5,1.46,44.0,0.29,0.88,33.3,0.46,0.08,28.3,142.3,77.8,4.33,1.54,0.25,1.04,0.63,33.5,28.7,85.5,2.50,Matches
51,Marcus Bettinelli\Marcus-Bettinelli,eng ENG,GK,Fulham,26,1992,7.0,38.9,34.7,38.9,0.00,0.00,0.00,26.7,0.00,0.00,,0.00,0.00,18.6,55.7,31.4,0.00,0.00,0.00,0.00,0.00,15.9,15.7,99.1,0.00,Matches
52,Philip Billing\Philip-Billing,dk DEN,MF,Huddersfield,22,1996,24.3,67.1,2.59,15.3,33.5,22.9,1.40,61.4,0.86,1.52,56.8,0.91,0.00,40.0,220.7,98.9,3.70,2.02,0.04,1.60,1.28,42.4,36.7,86.6,3.50,Matches
53,Yves Bissouma\Yves-Bissouma,ml MLI,MF,Brighton,21,1996,19.7,52.0,2.59,12.5,29.4,14.7,1.83,50.7,2.59,3.76,68.9,2.99,0.10,38.0,225.1,118.7,6.24,1.93,0.56,1.52,2.34,38.0,32.3,85.0,2.79,Matches
54,Willy Boly\Willy-Boly,ci CIV,DF,Wolves,27,1991,35.2,61.1,6.39,28.5,34.5,2.59,0.91,60.1,0.48,0.63,77.3,0.48,0.00,37.7,207.6,114.8,3.30,0.74,0.00,0.34,0.45,38.0,36.4,95.9,0.85,Matches
55,Léo Bonatini\Leo-Bonatini,br BRA,FW,Wolves,24,1994,1.5,52.0,0.67,4.00,21.3,30.0,12.0,52.0,0.00,0.67,0.0,0.00,0.00,40.7,167.3,71.3,4.00,1.33,0.00,3.33,4.00,52.0,41.3,79.5,13.3,Matches
56,Gaëtan Bong\Gaetan-Bong,cm CMR,DF,Brighton,30,1988,20.1,52.9,4.38,21.2,22.4,12.4,0.15,41.7,0.55,1.34,40.7,0.70,0.05,28.0,159.7,81.6,2.79,1.19,0.00,0.60,0.70,26.7,24.2,90.7,0.70,Matches
57,Artur Boruc\Artur-Boruc,pl POL,GK,Bournemouth,38,1980,12.0,31.4,27.8,31.2,0.25,0.00,0.00,18.3,0.00,0.00,,0.00,0.00,11.1,48.3,28.8,0.00,0.00,0.00,0.00,0.00,8.58,8.58,100.0,0.00,Matches
58,Robbie Brady\Robbie-Brady,ie IRL,MFFW,Burnley,26,1992,8.0,47.8,2.50,9.75,20.6,21.0,1.75,42.6,1.00,1.63,61.5,1.13,0.00,28.9,150.4,81.8,5.25,1.88,0.50,1.38,1.38,31.4,25.8,82.1,5.00,Matches
59,Miguel Britos\Miguel-Britos,uy URU,DF,Watford,33,1985,2.1,38.6,7.14,25.7,13.3,1.43,0.00,38.1,0.00,0.95,0.0,0.00,0.00,18.1,92.4,42.9,1.43,0.48,0.00,0.48,0.00,17.1,17.1,100.0,0.00,Matches
60,David Brooks\David-Brooks,wal WAL,MFFW,Bournemouth,21,1997,25.1,49.5,1.12,8.80,24.1,20.5,3.86,47.3,1.67,3.03,55.3,1.95,0.12,37.6,189.4,104.1,4.82,1.63,0.84,2.39,2.27,42.4,34.7,81.8,6.73,Matches
61,Bruno\Bruno,es ESP,DF,Brighton,37,1980,12.6,57.6,5.16,22.0,26.1,11.7,0.32,48.2,0.56,0.87,63.6,0.63,0.00,34.6,117.7,64.0,1.67,0.63,0.00,0.24,0.08,36.0,32.9,91.4,0.56,Matches
62,Joe Bryan\Joe-Bryan,eng ENG,DF,Fulham,24,1993,26.1,60.3,4.56,18.1,28.7,17.1,1.42,50.8,0.69,1.03,66.7,0.73,0.00,34.5,189.8,103.2,5.06,1.53,0.42,0.80,0.88,36.3,33.0,90.8,1.65,Matches
63,David Button\David-Button,eng ENG,GK,Brighton,29,1989,4.0,28.8,27.0,28.8,0.00,0.00,0.00,17.8,0.00,0.00,,0.00,0.00,11.5,82.3,52.3,0.00,0.00,0.00,0.00,0.00,9.50,9.25,97.4,0.00,Matches
64,Willy Caballero\Willy-Caballero,ar ARG,GK,Chelsea,36,1981,2.0,32.5,29.5,32.5,0.00,0.00,0.00,21.5,0.00,0.00,,0.00,0.00,14.5,62.5,32.5,0.00,0.00,0.00,0.00,0.00,14.5,14.5,100.0,0.00,Matches
65,Gary Cahill\Gary-Cahill,eng ENG,DF,Chelsea,32,1985,0.3,66.7,3.33,16.7,53.3,0.00,0.00,66.7,0.00,0.00,,0.00,0.00,53.3,203.3,160.0,0.00,0.00,0.00,0.00,0.00,50.0,50.0,100.0,0.00,Matches
66,Tom Cairney\Tom-Cairney,sco SCO,MFFW,Fulham,27,1991,24.4,67.9,1.31,9.59,42.1,21.3,1.48,66.8,1.80,2.50,72.1,2.05,0.12,56.4,273.9,126.4,6.27,2.30,0.25,1.19,1.89,62.7,54.3,86.7,5.37,Matches
67,Dominic Calvert-Lewin\Dominic-Calvert-Lewin,eng ENG,FW,Everton,21,1997,19.8,37.2,1.16,2.73,16.5,20.7,4.75,36.7,1.26,2.32,54.3,1.36,0.05,24.1,103.5,37.5,2.27,0.71,0.61,3.18,2.53,57.0,28.0,49.1,12.5,Matches
68,Rafael Camacho\Rafael-Camacho,pt POR,DF,Liverpool,18,2000,0.0,1,1,1,0,0,0,1,0,0,,0,0,0,0,0,0,0,0,0,0,0,0,,0,Matches
69,Víctor Camarasa\Victor-Camarasa,es ESP,MF,Cardiff City,24,1994,28.5,45.5,1.19,5.93,22.1,20.9,1.40,40.7,1.37,2.25,60.9,1.51,0.07,32.6,179.9,82.5,4.21,1.51,0.25,1.51,2.00,34.0,26.4,77.6,4.28,Matches
70,Étienne Capoue\Etienne-Capoue,fr FRA,MF,Watford,30,1988,32.7,65.1,4.07,16.9,43.4,7.46,0.61,63.4,0.98,1.19,82.1,0.98,0.06,42.3,174.4,83.7,3.21,0.80,0.03,0.43,0.58,41.3,39.3,95.0,1.07,Matches
71,Andy Carroll\Andy-Carroll,eng ENG,FW,West Ham,29,1989,5.1,38.6,1.96,3.92,22.0,14.3,4.51,37.3,0.59,1.37,42.9,0.78,0.20,19.8,68.8,22.9,1.37,0.39,0.00,2.75,1.96,53.5,28.0,52.4,6.86,Matches
72,Jonny Castro\Jonny-Castro,es ESP,DFMF,Wolves,24,1994,30.8,57.7,3.15,15.9,24.7,21.2,1.98,48.9,0.84,1.43,59.1,0.88,0.03,34.2,183.2,106.4,5.06,1.66,0.49,1.04,1.85,37.4,31.0,82.9,3.83,Matches
73,Craig Cathcart\Craig-Cathcart,nir NIR,DF,Watford,29,1989,34.4,46.7,6.51,25.3,21.8,1.69,0.76,46.1,0.09,0.09,100.0,0.09,0.03,26.5,112.9,50.0,1.25,0.03,0.00,0.09,0.20,26.2,25.4,97.1,0.41,Matches
74,Ivan Cavaleiro\Ivan-Cavaleiro,pt POR,FWMF,Wolves,24,1993,7.7,60.4,0.52,6.10,22.1,36.5,5.84,57.3,2.21,3.25,68.0,2.21,0.13,48.1,275.2,150.0,8.57,2.21,1.56,3.51,2.86,65.3,46.6,71.4,13.9,Matches
75,Petr Čech\Petr-Cech,cz CZE,GK,Arsenal,36,1982,6.5,42.3,38.0,42.3,0.00,0.15,0.00,33.7,0.15,0.15,100.0,0.15,0.00,25.4,118.2,51.7,0.00,0.00,0.00,0.00,0.00,20.0,20.0,100.0,0.00,Matches
76,Nathaniel Chalobah\Nathaniel-Chalobah,eng ENG,MFFW,Watford,23,1994,3.0,52.0,3.33,12.7,29.0,12.0,1.67,51.3,0.33,1.00,33.3,0.33,0.00,27.0,103.3,41.3,2.33,0.33,0.00,2.00,1.33,33.3,29.3,88.0,3.00,Matches
77,Calum Chambers\Calum-Chambers,eng ENG,MFDF,Fulham,23,1995,28.8,65.8,5.87,21.9,38.0,8.23,1.42,64.9,0.87,1.35,64.1,0.97,0.07,41.3,150.2,70.6,2.26,0.80,0.03,0.63,0.83,43.3,39.8,91.9,1.91,Matches
78,Ben Chilwell\Ben-Chilwell,eng ENG,DF,Leicester City,21,1996,36.0,75.4,4.17,20.0,35.0,26.9,1.67,63.9,1.03,1.92,53.6,1.22,0.08,46.6,292.9,174.7,7.06,2.75,0.67,1.58,1.75,50.7,45.1,89.0,3.39,Matches
79,Tahith Chong\Tahith-Chong,nl NED,FW,Manchester Utd,18,1999,0.4,55.0,2.50,5.00,20.0,35.0,10.0,55.0,2.50,2.50,100.0,2.50,0.00,50.0,362.5,260.0,12.5,5.00,7.50,2.50,5.00,60.0,47.5,79.2,20.0,Matches
80,Hamza Choudhury\Hamza-Choudhury,eng ENG,MF,Leicester City,20,1997,6.6,48.2,4.39,14.5,26.4,10.3,0.30,46.7,0.30,0.61,50.0,0.30,0.00,30.0,129.7,60.5,1.52,1.21,0.15,0.91,0.76,31.2,26.5,85.0,1.97,Matches
81,Andreas Christensen\Andreas-Christensen,dk DEN,DF,Chelsea,22,1996,6.9,73.5,7.10,37.4,40.7,1.01,0.43,71.4,0.00,0.00,,0.00,0.00,51.4,287.1,165.2,3.62,0.43,0.00,0.00,0.14,50.6,50.1,99.1,0.29,Matches
82,Cyrus Christie\Cyrus-Christie,ie IRL,DF,Fulham,25,1992,21.6,68.3,4.77,20.0,30.8,22.5,1.30,57.5,1.39,2.55,54.5,1.44,0.05,41.8,240.6,137.8,7.13,2.41,0.51,0.83,1.57,42.8,38.4,89.6,2.31,Matches
83,Ibrahima Cissé\Ibrahima-Cisse,gn GUI,MFFW,Fulham,24,1994,1.0,42.0,5.00,17.0,27.0,1.00,0.00,42.0,1.00,2.00,50.0,2.00,0.00,26.0,92.0,31.0,1.00,0.00,0.00,1.00,0.00,22.0,21.0,95.5,2.00,Matches
84,Ciaran Clark\Ciaran-Clark,ie IRL,DF,Newcastle Utd,28,1989,9.5,41.5,6.32,23.2,17.1,3.05,0.95,40.9,0.00,0.00,,0.00,0.00,20.6,91.6,46.2,1.37,0.53,0.00,0.00,0.00,21.5,20.3,94.6,0.84,Matches
85,Tom Cleverley\Tom-Cleverley,eng ENG,MFFW,Watford,28,1989,5.3,53.6,3.40,12.8,29.8,12.5,1.32,51.7,0.19,0.38,50.0,0.19,0.00,30.9,116.6,53.8,1.89,0.19,0.19,0.38,0.75,36.6,31.9,87.1,1.32,Matches
86,Nathaniel Clyne\Nathaniel-Clyne,eng ENG,DF,Bournemouth,27,1991,12.7,55.4,2.76,17.9,24.0,16.2,1.50,46.4,0.47,0.71,66.7,0.47,0.00,30.8,129.3,65.9,2.76,0.94,0.00,0.39,0.71,31.4,28.3,90.0,1.57,Matches
87,Nathaniel Clyne\Nathaniel-Clyne,eng ENG,DF,Liverpool,27,1991,1.2,87.5,0.00,12.5,50.8,28.3,2.50,67.5,0.00,0.00,,0.00,0.00,49.2,193.3,95.0,5.83,2.50,0.00,0.83,1.67,53.3,48.3,90.6,3.33,Matches
88,Conor Coady\Conor-Coady,eng ENG,DF,Wolves,25,1993,38.0,51.0,8.18,32.6,21.9,0.21,0.08,50.0,0.03,0.05,50.0,0.05,0.00,35.6,222.8,111.0,1.89,0.03,0.00,0.03,0.13,33.7,33.3,98.9,0.03,Matches
89,Joel Coleman\Joel-Coleman,eng ENG,GK,Huddersfield,22,1995,1.0,39.0,35.0,39.0,0.00,0.00,0.00,30.0,0.00,0.00,,0.00,0.00,20.0,87.0,40.0,0.00,0.00,0.00,0.00,0.00,18.0,18.0,100.0,0.00,Matches
90,Séamus Coleman\Seamus-Coleman,ie IRL,DF,Everton,29,1988,28.4,66.7,3.20,19.3,30.8,20.5,1.83,55.3,0.88,1.58,55.6,0.92,0.04,40.2,194.2,96.1,4.54,1.62,0.49,1.41,1.20,41.8,36.2,86.4,3.06,Matches
91,Lewis Cook\Lewis-Cook,eng ENG,MF,Bournemouth,21,1997,8.0,59.1,2.00,15.6,35.5,11.9,0.75,58.3,1.13,1.75,64.3,1.13,0.00,44.4,175.3,86.0,2.75,1.00,0.25,0.63,1.25,41.6,39.8,95.5,1.88,Matches
92,Steve Cook\Steve-Cook,eng ENG,DF,Bournemouth,27,1991,31.0,63.0,8.65,35.5,26.1,4.71,1.13,58.5,0.13,0.16,80.0,0.13,0.00,33.9,191.6,99.5,2.00,0.39,0.03,0.19,0.06,36.2,35.3,97.5,0.97,Matches
93,Jack Cork\Jack-Cork,eng ENG,MF,Burnley,29,1989,36.8,45.7,2.80,9.29,29.8,9.02,1.06,45.5,0.73,1.06,69.2,0.79,0.00,30.2,128.2,48.9,1.98,0.76,0.03,0.79,1.14,31.0,27.1,87.4,2.26,Matches
94,Hélder Costa\Helder-Costa,pt POR,FWMF,Wolves,24,1994,14.9,47.1,0.54,4.83,19.7,27.2,2.68,46.2,1.81,3.22,56.3,2.21,0.07,40.1,232.7,132.0,6.91,2.42,0.87,2.55,3.96,53.4,35.8,67.0,8.86,Matches
95,Aaron Cresswell\Aaron-Cresswell,eng ENG,DF,West Ham,28,1989,17.7,70.4,4.12,19.4,34.1,20.6,2.15,58.6,0.45,0.73,61.5,0.45,0.11,41.5,177.5,95.6,4.69,1.47,0.45,0.56,0.62,45.0,40.1,89.1,2.54,Matches
96,Peter Crouch\Peter-Crouch,eng ENG,FW,Burnley,37,1981,1.0,41.0,3.00,4.00,11.0,26.0,17.0,41.0,0.00,0.00,,0.00,0.00,10.0,16.0,7.00,0.00,0.00,0.00,7.00,0.00,69.0,34.0,49.3,20.0,Matches
97,Greg Cunningham\Greg-Cunningham,ie IRL,DF,Cardiff City,27,1991,7.0,40.7,2.43,13.9,19.4,9.29,0.71,34.9,0.14,0.14,100.0,0.14,0.00,17.1,75.1,45.6,2.00,0.86,0.00,0.71,0.29,18.6,16.7,90.0,0.43,Matches
98,Diogo Dalot\Diogo-Dalot,pt POR,DFMF,Manchester Utd,19,1999,11.3,61.1,3.81,14.6,27.7,22.0,1.95,53.0,1.06,1.68,63.2,1.15,0.00,37.0,179.8,105.4,4.96,1.59,0.88,1.42,0.62,39.8,34.7,87.1,4.16,Matches
99,Matty Daly\Matty-Daly,eng ENG,MF,Huddersfield,17,2001,0.8,20.0,2.50,5.00,11.3,5.00,1.25,20.0,0.00,1.25,0.0,1.25,0.00,13.8,55.0,25.0,3.75,1.25,0.00,0.00,1.25,21.3,16.3,76.5,6.25,Matches
100,Loïc Damour\Loic-Damour,fr FRA,MF,Cardiff City,27,1991,0.3,46.7,0.00,0.00,30.0,16.7,3.33,46.7,0.00,0.00,,0.00,0.00,36.7,140.0,56.7,6.67,0.00,0.00,3.33,0.00,43.3,33.3,76.9,0.00,Matches
101,Charlie Daniels\Charlie-Daniels,eng ENG,DF,Bournemouth,31,1986,17.6,66.0,4.20,23.2,27.8,19.1,2.05,56.2,0.74,1.19,61.9,0.91,0.11,40.4,188.0,105.7,4.72,2.10,0.28,0.74,0.51,41.4,38.5,93.0,3.86,Matches
102,Danilo\Danilo,br BRA,DF,Manchester City,27,1991,9.0,109.0,1.89,17.4,63.2,35.0,1.56,97.7,0.67,1.11,60.0,0.67,0.00,78.0,302.7,163.1,8.78,3.67,0.44,0.89,0.67,77.4,75.2,97.1,2.00,Matches
103,Scott Dann\Scott-Dann,eng ENG,DF,Crystal Palace,31,1987,7.4,46.4,8.38,27.0,20.8,1.76,1.22,43.6,0.54,0.54,100.0,0.54,0.00,22.4,119.9,81.9,1.89,0.00,0.00,0.14,0.00,22.3,21.6,97.0,1.22,Matches
104,Matteo Darmian\Matteo-Darmian,it ITA,DF,Manchester Utd,28,1989,4.9,53.3,6.53,18.8,23.5,13.1,0.00,47.3,0.20,0.41,50.0,0.41,0.00,33.1,110.8,64.1,2.04,0.82,0.00,0.61,0.82,32.2,30.4,94.3,1.02,Matches
105,Ben Davies\Ben-Davies,wal WAL,DF,Tottenham,25,1993,20.5,74.7,4.10,22.2,37.4,19.5,1.51,65.1,0.20,0.59,33.3,0.24,0.00,45.8,202.5,117.4,5.71,1.56,0.15,0.63,0.88,49.3,46.1,93.7,2.63,Matches
106,Tom Davies\Tom-Davies,eng ENG,MF,Everton,20,1998,10.9,59.7,1.28,9.08,37.8,15.5,1.10,57.6,0.92,1.38,66.7,1.10,0.09,39.8,172.9,84.0,3.94,1.28,0.18,2.02,0.92,43.0,38.3,89.1,2.66,Matches
107,Steven Davis\Steven-Davis,nir NIR,MF,Southampton,33,1985,1.1,73.6,2.73,15.5,48.2,12.7,0.91,71.8,0.00,0.00,,0.00,0.00,38.2,147.3,44.5,0.00,0.00,0.00,1.82,0.00,46.4,45.5,98.0,0.91,Matches
108,Kevin De Bruyne\Kevin-De-Bruyne,be BEL,MF,Manchester City,27,1991,10.8,87.6,0.65,7.59,39.4,47.8,4.35,80.6,1.57,2.31,68.0,1.85,0.00,67.4,358.7,209.9,10.4,3.89,0.65,1.76,2.22,74.7,67.6,90.5,8.89,Matches
109,Troy Deeney\Troy-Deeney,eng ENG,FW,Watford,30,1988,28.3,40.9,1.27,3.85,19.1,19.8,5.02,40.2,0.21,0.64,33.3,0.35,0.00,21.7,76.3,33.5,2.08,0.74,0.25,2.90,1.55,54.2,30.2,55.8,9.47,Matches
110,Jermain Defoe\Jermain-Defoe,eng ENG,DFFW,Bournemouth,35,1982,0.3,6.67,0.00,0.00,0.00,6.67,6.67,6.67,0.00,0.00,,0.00,0.00,3.33,0.00,0.00,0.00,0.00,0.00,3.33,0.00,30.0,3.33,11.1,3.33,Matches
111,Steven Defour\Steven-Defour,be BEL,MF,Burnley,30,1988,5.0,56.6,1.60,12.4,40.8,7.80,0.00,55.4,0.20,0.40,50.0,0.20,0.00,38.6,207.0,98.6,5.20,1.40,0.00,0.00,0.40,39.6,37.6,94.9,0.80,Matches
112,Fabian Delph\Fabian-Delph,eng ENG,DF,Manchester City,28,1989,8.1,101.7,3.21,17.3,66.3,23.6,0.25,93.7,0.74,0.99,75.0,0.74,0.00,77.8,288.5,147.2,6.79,2.47,0.00,0.62,0.25,77.2,75.7,98.1,0.37,Matches
113,Mousa Dembélé\Mousa-Dembele,be BEL,MF,Tottenham,31,1987,5.7,63.0,2.98,14.0,46.0,5.96,0.00,61.2,1.05,1.58,66.7,1.23,0.18,48.9,230.2,106.5,4.74,0.53,0.00,0.70,1.40,42.1,40.9,97.1,1.75,Matches
114,Leander Dendoncker\Leander-Dendoncker,be BEL,MF,Wolves,23,1995,16.3,49.6,2.64,12.6,25.8,12.8,2.02,49.4,0.74,0.80,92.3,0.74,0.00,31.0,118.3,49.2,2.09,0.43,0.18,1.29,0.61,40.9,30.9,75.6,3.31,Matches
115,Laurent Depoitre\Laurent-Depoitre,be BEL,FW,Huddersfield,29,1988,11.9,36.6,0.92,2.10,16.5,18.8,5.88,35.6,0.59,1.26,46.7,0.67,0.00,19.4,64.3,23.8,1.09,0.25,0.42,3.78,2.52,57.5,27.1,47.2,12.1,Matches
116,Gerard Deulofeu\Gerard-Deulofeu,es ESP,FW,Watford,24,1994,23.0,46.7,0.22,3.13,19.0,29.0,6.39,44.0,1.91,3.09,62.0,2.00,0.04,38.7,228.7,132.6,8.04,2.04,2.09,2.17,3.43,53.6,34.9,65.0,8.61,Matches
117,Fousseni Diabaté\Fousseni-Diabate,ml MLI,FW,Leicester City,22,1995,0.6,41.7,0.00,15.0,18.3,10.0,0.00,41.7,0.00,0.00,,0.00,0.00,20.0,131.7,65.0,1.67,0.00,0.00,1.67,0.00,63.3,26.7,42.1,3.33,Matches
118,Adama Diakhaby\Adama-Diakhaby,fr FRA,FWMF,Huddersfield,22,1996,6.1,39.0,0.16,4.43,16.9,21.3,3.44,38.2,1.80,3.28,55.0,1.80,0.00,33.9,159.3,107.7,6.39,1.15,1.15,2.79,3.44,44.8,30.3,67.8,7.87,Matches
119,Mohamed Diamé\Mohamed-Diame,sn SEN,MF,Newcastle Utd,31,1987,24.1,43.1,1.87,12.6,25.0,7.97,0.83,42.8,0.95,1.66,57.5,1.12,0.04,26.4,97.1,48.5,2.32,0.91,0.08,1.08,1.12,28.2,24.1,85.4,1.62,Matches
120,Grady Diangana\Grady-Diangana,eng ENG,FWMF,West Ham,20,1998,6.8,56.3,1.32,9.71,25.4,26.0,4.85,55.3,2.50,5.00,50.0,2.79,0.44,42.1,189.1,103.4,5.88,1.62,0.88,2.06,4.26,51.9,39.0,75.1,9.26,Matches
121,Eric Dier\Eric-Dier,eng ENG,MF,Tottenham,24,1994,16.7,72.5,4.67,22.8,45.8,8.20,1.08,70.8,0.24,0.48,50.0,0.24,0.00,51.0,215.0,104.9,3.47,0.96,0.12,0.30,0.78,55.5,52.7,94.9,1.38,Matches
122,Lucas Digne\Lucas-Digne,fr FRA,DF,Everton,25,1993,32.9,75.2,3.56,20.0,31.4,27.2,1.25,59.0,0.43,0.97,43.8,0.49,0.09,38.5,184.3,99.2,4.74,1.43,0.12,0.73,1.00,42.0,36.6,87.2,3.10,Matches
123,Virgil van Dijk\Virgil-van-Dijk,nl NED,DF,Liverpool,27,1991,37.6,89.8,7.02,39.2,51.5,3.35,1.57,88.3,0.19,0.27,70.0,0.21,0.00,62.4,270.0,146.9,4.10,0.56,0.03,0.16,0.05,65.8,64.1,97.4,1.36,Matches
124,Issa Diop\Issa-Diop,fr FRA,DF,West Ham,21,1997,33.0,45.9,6.70,26.5,22.2,0.88,0.61,45.2,0.15,0.15,100.0,0.15,0.06,24.9,164.4,82.2,1.45,0.12,0.00,0.21,0.18,24.9,24.3,97.3,0.52,Matches
125,Matt Doherty\Matt-Doherty,ie IRL,DFMF,Wolves,26,1992,34.9,65.2,3.55,15.3,27.5,24.8,3.52,55.0,0.77,1.60,48.2,0.86,0.03,35.2,150.9,90.8,5.33,1.23,0.60,1.60,0.97,45.8,37.1,81.0,4.41,Matches
126,Abdoulaye Doucouré\Abdoulaye-Doucoure,fr FRA,MF,Watford,25,1993,34.0,68.4,1.97,14.0,42.4,16.6,2.65,67.0,1.21,1.82,66.1,1.29,0.12,50.1,233.5,119.6,4.91,1.21,0.38,1.53,1.26,52.1,46.4,89.0,3.74,Matches
127,Luke Dreher\Luke-Dreher,eng ENG,MF,Crystal Palace,19,1998,0.0,3,0,0,1,2,0,3,0,0,,0,0,3,18,13,1,0,0,0,0,4,3,75.0,1,Matches
128,Martin Dúbravka\Martin-Dubravka,sk SVK,GK,Newcastle Utd,29,1989,38.0,33.0,28.5,32.8,0.21,0.00,0.00,22.2,0.03,0.03,100.0,0.03,0.00,15.3,93.0,48.4,0.00,0.00,0.00,0.00,0.00,11.6,11.5,99.3,0.00,Matches
129,Shane Duffy\Shane-Duffy,ie IRL,DF,Brighton,26,1992,34.3,51.3,10.6,33.8,16.2,3.27,2.07,50.5,0.15,0.15,100.0,0.15,0.00,25.2,97.5,44.3,0.50,0.20,0.00,0.26,0.23,28.3,26.8,94.6,1.90,Matches
130,Demeaco Duhaney\Demeaco-Duhaney,eng ENG,DF,Huddersfield,19,1998,0.5,80.0,8.00,20.0,38.0,24.0,0.00,68.0,0.00,0.00,,0.00,0.00,50.0,204.0,78.0,6.00,0.00,0.00,2.00,6.00,46.0,42.0,91.3,2.00,Matches
131,Paul Dummett\Paul-Dummett,wal WAL,DF,Newcastle Utd,26,1991,22.1,51.6,5.11,23.9,22.0,7.42,0.36,46.1,0.09,0.14,66.7,0.14,0.00,24.6,91.9,50.5,1.76,0.54,0.05,0.18,0.09,25.8,24.3,94.2,0.41,Matches
132,Lewis Dunk\Lewis-Dunk,eng ENG,DF,Brighton,26,1991,35.0,54.4,8.66,33.0,22.2,2.37,1.11,52.8,0.03,0.09,33.3,0.03,0.00,30.9,158.1,81.5,1.57,0.43,0.00,0.26,0.17,31.4,30.3,96.5,1.03,Matches
133,Erik Durm\Erik-Durm,de GER,DF,Huddersfield,26,1992,22.8,57.0,2.32,15.0,26.7,18.4,1.27,46.1,0.66,0.88,75.0,0.66,0.00,31.1,157.3,73.0,2.98,0.96,0.18,0.92,1.23,33.5,27.9,83.2,3.29,Matches
134,Bruno Ecuele Manga\Bruno-Ecuele-Manga,ga GAB,DF,Cardiff City,30,1988,37.5,39.7,6.24,16.8,19.1,4.85,0.48,35.6,0.37,0.45,82.4,0.37,0.03,17.7,82.3,34.1,1.31,0.21,0.05,0.27,0.32,13.5,12.4,91.9,0.29,Matches
135,Ederson\Ederson,br BRA,GK,Manchester City,24,1993,38.0,29.7,25.8,29.5,0.45,0.00,0.00,24.1,0.03,0.03,100.0,0.03,0.00,18.4,80.7,46.6,0.00,0.00,0.00,0.00,0.00,16.6,16.5,99.8,0.00,Matches
136,Harvey Elliot\Harvey-Elliot,eng ENG,MF,Fulham,15,2003,0.2,80.0,0.00,0.00,40.0,55.0,5.00,80.0,5.00,5.00,100.0,5.00,0.00,75.0,580.0,210.0,10.0,5.00,0.00,10.0,0.00,70.0,65.0,92.9,20.0,Matches
137,Mohamed Elneny\Mohamed-Elneny,eg EGY,MF,Arsenal,26,1992,4.2,77.4,4.05,25.0,45.0,13.3,1.19,75.5,0.24,0.48,50.0,0.24,0.00,58.6,291.9,145.5,6.19,1.19,0.00,0.95,0.24,64.0,59.8,93.3,1.43,Matches
138,Mohamed Elyounoussi\Mohamed-Elyounoussi,no NOR,MFFW,Southampton,23,1994,8.8,43.5,0.57,6.59,16.9,24.2,3.75,40.1,0.91,1.82,50.0,1.36,0.11,29.1,190.7,103.2,5.00,1.82,0.57,2.16,1.48,36.4,26.4,72.5,7.50,Matches
139,Christian Eriksen\Christian-Eriksen,dk DEN,MFFW,Tottenham,26,1992,30.8,74.5,0.49,8.51,40.2,30.2,2.53,69.3,0.68,1.20,56.8,0.75,0.06,54.8,234.6,124.2,6.82,2.47,0.42,1.53,1.17,64.2,54.9,85.5,6.33,Matches
140,Neil Etheridge\Neil-Etheridge,ph PHI,GK,Cardiff City,28,1990,38.0,34.7,28.3,33.8,0.87,0.00,0.00,22.5,0.00,0.00,,0.00,0.00,15.3,95.1,56.8,0.05,0.00,0.00,0.00,0.00,10.9,10.8,99.5,0.00,Matches
141,Jonny Evans\Jonny-Evans,nir NIR,DF,Leicester City,30,1988,22.2,57.8,9.10,34.9,24.2,2.21,1.13,56.3,0.00,0.00,,0.00,0.00,33.7,174.8,82.2,1.31,0.14,0.00,0.27,0.23,33.9,33.0,97.3,0.72,Matches
142,Łukasz Fabiański\Lukasz-Fabianski,pl POL,GK,West Ham,33,1985,38.0,34.7,31.3,34.7,0.00,0.03,0.03,22.8,0.03,0.03,100.0,0.03,0.00,15.0,79.4,44.2,0.00,0.00,0.00,0.00,0.00,11.1,11.0,99.3,0.00,Matches
143,Fabinho\Fabinho,br BRA,MF,Liverpool,24,1993,22.4,82.9,2.37,17.0,57.6,14.5,0.85,81.4,0.63,0.85,73.7,0.71,0.04,59.2,265.0,140.0,6.38,1.79,0.04,0.58,0.45,62.3,60.2,96.7,1.70,Matches
144,Cesc Fàbregas\Cesc-Fabregas,es ESP,MF,Chelsea,31,1987,2.0,108.5,2.50,27.0,66.5,23.5,3.50,103.0,0.00,0.00,,0.00,0.00,86.5,332.5,196.0,3.50,1.50,0.00,2.00,1.50,91.5,88.5,96.7,5.00,Matches
145,Fabricio\Fabricio,es ESP,GK,Fulham,30,1987,2.0,34.0,31.5,34.0,0.00,0.00,0.00,28.5,0.00,0.00,,0.00,0.00,14.5,61.0,35.5,0.00,0.00,0.00,0.00,0.00,10.5,10.5,100.0,0.00,Matches
146,Marouane Fellaini\Marouane-Fellaini,be BEL,MF,Manchester Utd,30,1987,8.4,63.9,3.93,15.5,36.5,14.0,3.93,63.6,0.48,0.83,57.1,0.60,0.00,41.8,119.5,46.0,1.67,0.83,0.12,1.55,0.60,53.3,43.9,82.4,7.26,Matches
147,Kiko Femenía\Kiko-Femenia,es ESP,DF,Watford,27,1991,22.8,61.1,3.68,17.5,28.8,18.2,1.01,52.1,0.70,1.05,66.7,0.75,0.00,37.6,183.6,87.4,3.77,1.62,0.18,0.70,0.61,38.6,34.8,90.1,1.93,Matches
148,Federico Fernández\Federico-Fernandez,ar ARG,DF,Newcastle Utd,29,1989,16.5,49.3,8.12,30.4,19.8,1.70,0.97,48.2,0.12,0.12,100.0,0.12,0.00,27.5,130.9,62.7,0.97,0.12,0.00,0.18,0.24,27.4,26.4,96.5,0.73,Matches
149,Fernandinho\Fernandinho,br BRA,MF,Manchester City,33,1985,26.4,89.0,3.79,19.5,59.6,16.9,0.80,87.9,0.30,0.68,44.4,0.45,0.00,68.1,336.7,195.5,8.30,2.58,0.11,0.64,0.80,68.5,66.7,97.3,1.97,Matches
150,Roberto Firmino\Roberto-Firmino,br BRA,FWMF,Liverpool,26,1991,29.0,56.8,0.66,3.38,28.5,28.6,6.34,55.9,1.86,2.69,69.2,2.07,0.17,47.2,189.6,95.0,5.52,1.90,0.66,2.59,2.14,60.8,45.8,75.3,12.6,Matches
151,Phil Foden\Phil-Foden,eng ENG,MF,Manchester City,18,2000,3.7,75.4,0.27,4.32,38.9,38.4,7.84,74.3,2.43,4.05,60.0,2.43,0.00,58.9,331.9,176.8,10.3,3.51,1.35,0.81,0.81,73.0,61.6,84.4,12.7,Matches
152,Fraser Forster\Fraser-Forster,eng ENG,GK,Southampton,30,1988,1.0,27.0,25.0,26.0,1.00,0.00,0.00,16.0,0.00,0.00,,0.00,0.00,9.00,64.0,32.0,0.00,0.00,0.00,0.00,0.00,7.00,7.00,100.0,0.00,Matches
153,Ben Foster\Ben-Foster,eng ENG,GK,Watford,35,1983,38.0,36.1,29.8,35.4,0.84,0.03,0.00,23.4,0.00,0.00,,0.00,0.00,15.3,91.0,58.1,0.00,0.00,0.00,0.00,0.00,11.3,11.3,99.5,0.00,Matches
154,Timothy Fosu-Mensah\Timothy-Fosu-Mensah,nl NED,DF,Fulham,20,1998,8.8,62.4,4.20,21.6,30.9,13.7,0.91,56.0,1.02,1.36,75.0,1.02,0.00,42.4,197.6,112.5,5.45,2.73,0.34,0.80,0.45,43.0,40.8,95.0,1.48,Matches
155,Juan Foyth\Juan-Foyth,ar ARG,DF,Tottenham,20,1998,9.9,72.8,9.39,33.7,39.2,5.25,0.71,70.3,2.22,2.42,91.7,2.22,0.20,50.8,257.4,151.6,4.75,1.31,0.10,0.71,0.81,49.6,47.7,96.1,0.40,Matches
156,Simon Francis\Simon-Francis,eng ENG,DF,Bournemouth,33,1985,13.7,70.5,6.28,27.4,31.8,14.6,0.95,60.8,0.29,0.44,66.7,0.29,0.00,36.7,162.3,78.5,2.92,1.02,0.07,0.80,0.58,43.6,39.4,90.3,1.97,Matches
157,Ryan Fraser\Ryan-Fraser,sco SCO,MFFW,Bournemouth,24,1994,35.2,51.3,1.08,7.22,20.5,26.9,3.55,45.6,0.63,1.25,50.0,0.71,0.03,37.4,197.0,117.3,6.14,1.79,1.02,1.25,1.39,45.3,36.2,79.9,6.53,Matches
158,Fred\Fred,br BRA,MF,Manchester Utd,25,1993,11.6,79.7,2.07,17.6,53.1,14.7,0.95,77.4,0.95,1.72,55.0,1.12,0.17,59.7,270.3,135.9,6.12,1.90,0.34,1.21,1.47,60.1,55.8,92.8,2.50,Matches
159,Ryan Fredericks\Ryan-Fredericks,eng ENG,DF,West Ham,25,1992,12.1,57.6,5.12,20.2,26.4,13.9,1.49,49.3,0.66,0.99,66.7,0.66,0.00,30.2,156.9,94.0,4.30,1.57,0.74,0.58,0.41,32.7,29.7,90.7,1.40,Matches
160,Christian Fuchs\Christian-Fuchs,at AUT,DF,Leicester City,32,1986,2.3,78.7,3.04,20.9,29.6,31.3,0.87,67.0,0.43,0.43,100.0,0.43,0.00,50.0,160.9,97.8,3.91,1.30,0.00,1.30,0.87,52.2,46.5,89.2,6.09,Matches
161,Manolo Gabbiadini\Manolo-Gabbiadini,it ITA,FWMF,Southampton,26,1991,5.3,33.2,0.75,5.09,14.2,17.2,3.40,32.8,0.57,1.89,30.0,0.94,0.00,22.1,110.4,51.1,3.21,1.32,0.38,0.57,0.19,43.6,23.0,52.8,4.91,Matches
162,Sam Gallagher\Sam-Gallagher,eng ENG,FW,Southampton,22,1995,0.4,37.5,5.00,7.50,17.5,12.5,0.00,37.5,0.00,0.00,,0.00,0.00,10.0,0.00,0.00,0.00,0.00,0.00,2.50,5.00,87.5,22.5,25.7,5.00,Matches
163,Idrissa Gana Gueye\Idrissa-Gana-Gueye,sn SEN,MF,Everton,28,1989,31.4,67.8,2.64,16.4,44.5,11.5,0.57,66.5,0.70,0.92,75.9,0.73,0.03,47.1,257.2,116.7,4.27,1.34,0.13,0.57,1.05,43.9,41.5,94.4,1.37,Matches
164,James Garner\James-Garner,eng ENG,MF,Manchester Utd,17,2001,0.0,1,1,1,0,0,0,1,0,0,,0,0,1,19,0,0,0,0,0,0,0,0,,0,Matches
165,Paulo Gazzaniga\Paulo-Gazzaniga,ar ARG,GK,Tottenham,26,1992,3.0,37.7,34.7,37.3,0.33,0.00,0.00,27.7,0.00,0.00,,0.00,0.00,17.7,46.0,18.7,0.00,0.00,0.00,0.00,0.00,18.3,18.3,100.0,0.00,Matches
166,David de Gea\David-de-Gea,es ESP,GK,Manchester Utd,27,1990,38.0,30.8,28.8,30.7,0.08,0.03,0.00,19.9,0.00,0.00,,0.00,0.00,13.3,61.2,33.7,0.00,0.00,0.00,0.00,0.00,11.2,11.1,99.1,0.00,Matches
167,Rachid Ghezzal\Rachid-Ghezzal,dz ALG,FWMF,Leicester City,26,1992,8.3,70.0,0.96,7.59,34.2,33.9,3.25,65.2,1.69,2.77,60.9,1.93,0.12,53.6,301.6,153.5,6.87,2.41,1.08,1.93,2.77,57.0,49.6,87.1,9.28,Matches
168,Morgan Gibbs-White\Morgan-Gibbs-White,eng ENG,MFFW,Wolves,18,2000,7.4,56.2,0.54,8.38,30.8,21.8,2.30,53.9,1.76,2.97,59.1,2.03,0.14,43.5,208.5,106.4,5.54,2.43,0.14,2.16,2.57,57.2,42.6,74.5,8.38,Matches
169,Ben Gibson\Ben-Gibson,eng ENG,DF,Burnley,25,1993,0.7,54.3,7.14,20.0,32.9,2.86,1.43,52.9,1.43,1.43,100.0,1.43,0.00,37.1,195.7,60.0,0.00,0.00,0.00,0.00,0.00,32.9,30.0,91.3,0.00,Matches
170,Olivier Giroud\Olivier-Giroud,fr FRA,FW,Chelsea,31,1986,9.4,36.7,0.64,1.49,14.4,21.4,7.77,36.2,0.21,0.32,66.7,0.21,0.00,22.2,37.3,12.1,0.32,0.32,0.00,2.98,0.85,54.5,31.2,57.2,15.4,Matches
171,André Gomes\Andre-Gomes,pt POR,MF,Everton,25,1993,22.0,66.4,2.23,14.4,43.4,14.3,1.55,64.8,1.55,2.27,68.0,1.68,0.05,52.0,284.5,127.9,5.32,1.41,0.32,0.95,1.86,49.5,45.8,92.5,1.95,Matches
172,Angel Gomes\Angel-Gomes,eng ENG,MFFW,Manchester Utd,17,2000,0.3,90.0,0.00,6.67,46.7,40.0,3.33,90.0,0.00,0.00,,0.00,0.00,76.7,403.3,243.3,16.7,3.33,3.33,0.00,3.33,90.0,73.3,81.5,3.33,Matches
173,Joe Gomez\Joe-Gomez,eng ENG,DF,Liverpool,21,1997,11.8,78.5,5.25,32.9,45.9,5.00,0.68,74.1,0.34,0.42,80.0,0.42,0.00,56.4,238.2,115.4,1.69,0.25,0.00,0.34,0.76,54.3,53.5,98.4,1.10,Matches
174,Jon Gorenc Stanković\Jon-Gorenc-Stankovic,si SVN,MFDF,Huddersfield,22,1996,7.9,50.0,5.82,21.9,26.6,4.81,1.01,48.5,0.38,0.51,75.0,0.38,0.00,29.5,120.9,60.5,1.65,0.63,0.00,0.13,0.51,28.4,26.6,93.8,1.14,Matches
175,Dan Gosling\Dan-Gosling,eng ENG,MF,Bournemouth,28,1990,19.3,60.6,2.85,16.6,36.0,10.6,1.19,59.1,0.41,0.78,53.3,0.41,0.05,40.6,149.3,67.7,2.44,0.52,0.21,0.78,1.14,42.5,38.9,91.6,1.40,Matches
176,Karlan Grant\Karlan-Grant,eng ENG,FWMF,Huddersfield,20,1997,9.7,33.9,0.31,2.16,17.2,17.2,3.51,32.1,1.34,2.47,54.2,1.34,0.00,24.3,154.0,79.7,3.30,1.24,1.03,2.47,2.78,52.2,24.0,46.0,8.04,Matches
177,Andre Gray\Andre-Gray,eng ENG,FW,Watford,27,1991,15.2,27.3,0.33,1.32,10.3,16.8,5.92,27.0,0.79,1.45,54.5,0.86,0.00,20.1,72.6,29.8,1.71,0.59,0.86,3.36,1.51,45.3,21.4,47.2,9.01,Matches
178,Demarai Gray\Demarai-Gray,eng ENG,FWMF,Leicester City,22,1996,22.1,44.0,0.77,6.29,19.2,22.0,3.98,43.3,2.08,3.12,66.7,2.08,0.09,37.5,216.6,111.8,6.83,1.22,1.54,2.67,2.13,45.2,33.2,73.4,7.92,Matches
179,Mason Greenwood\Mason-Greenwood,eng ENG,FW,Manchester Utd,16,2001,1.3,64.6,1.54,6.15,23.8,40.0,12.3,62.3,2.31,4.62,50.0,2.31,0.77,52.3,313.8,210.8,11.5,2.31,3.08,3.08,2.31,64.6,50.0,77.4,12.3,Matches
180,Pascal Groß\Pascal-Gross,de GER,MF,Brighton,27,1991,20.7,54.3,1.45,7.73,27.2,22.9,1.93,48.4,0.48,0.58,83.3,0.48,0.00,35.6,165.9,77.1,3.48,1.55,0.14,1.45,1.01,45.8,35.7,78.0,5.85,Matches
181,Vicente Guaita\Vicente-Guaita,es ESP,GK,Crystal Palace,31,1987,19.5,32.7,29.1,32.6,0.10,0.00,0.00,20.5,0.00,0.00,,0.00,0.00,12.8,61.6,42.1,0.00,0.00,0.00,0.00,0.00,9.18,9.13,99.4,0.00,Matches
182,Mattéo Guendouzi\Matteo-Guendouzi,fr FRA,MF,Arsenal,19,1999,23.9,77.6,2.05,16.4,51.1,16.8,0.92,76.3,1.30,1.76,73.8,1.38,0.08,62.0,383.0,196.2,8.24,2.13,0.29,0.59,1.30,61.5,58.4,95.0,1.63,Matches
183,İlkay Gündoğan\Ilkay-Gundogan,de GER,MF,Manchester City,27,1990,23.7,96.0,1.77,11.1,57.7,34.8,2.32,91.0,0.72,1.01,70.8,0.76,0.04,76.0,360.6,203.6,10.0,3.71,0.17,0.80,0.51,79.4,76.2,96.0,5.15,Matches
184,Angus Gunn\Angus-Gunn,eng ENG,GK,Southampton,22,1996,12.0,28.1,22.6,27.7,0.42,0.00,0.00,16.4,0.00,0.08,0.0,0.00,0.00,10.3,65.0,36.5,0.00,0.00,0.00,0.00,0.00,7.92,7.83,98.9,0.00,Matches
185,Aron Gunnarsson\Aron-Gunnarsson,is ISL,MF,Cardiff City,29,1989,25.2,46.6,3.10,10.9,25.0,12.0,0.67,40.0,0.36,0.40,90.0,0.36,0.00,20.2,73.8,33.3,1.63,0.60,0.04,0.48,0.48,19.1,16.8,88.0,0.63,Matches
186,Florent Hadergjonaj\Florent-Hadergjonaj,xk KVX,DFMF,Huddersfield,24,1994,20.5,56.7,1.46,12.6,27.0,20.2,0.68,48.4,0.54,1.12,47.8,0.54,0.10,33.2,133.1,75.2,3.61,1.46,0.20,1.02,0.39,39.3,33.1,84.3,2.93,Matches
187,Ben Hamer\Ben-Hamer,eng ENG,GK,Huddersfield,30,1987,6.1,35.2,32.0,35.2,0.00,0.00,0.00,26.1,0.00,0.00,,0.00,0.00,18.9,115.4,60.3,0.00,0.00,0.00,0.00,0.00,13.9,13.9,100.0,0.00,Matches
188,Kadeem Harris\Kadeem-Harris,eng ENG,MFFW,Cardiff City,25,1993,4.2,38.6,0.48,4.29,12.4,24.0,3.81,38.3,2.62,5.24,50.0,3.10,0.24,29.8,156.0,83.8,6.43,0.71,0.95,2.14,3.10,40.7,27.6,67.8,5.24,Matches
189,Joe Hart\Joe-Hart,eng ENG,GK,Burnley,31,1987,19.0,34.8,29.2,33.5,1.37,0.05,0.05,21.5,0.00,0.00,,0.00,0.00,13.5,91.4,59.9,0.00,0.00,0.00,0.00,0.00,10.4,10.4,100.0,0.00,Matches
190,Isaac Hayden\Isaac-Hayden,eng ENG,MF,Newcastle Utd,23,1995,20.7,47.4,2.46,10.3,27.7,11.1,1.26,45.7,0.53,0.72,73.3,0.63,0.00,27.9,84.6,36.7,1.55,0.53,0.14,1.21,1.26,30.3,24.8,81.7,2.80,Matches
191,Eden Hazard\Eden-Hazard,be BEL,FW,Chelsea,27,1991,32.5,75.7,0.18,3.88,28.5,51.5,8.25,71.4,4.12,6.28,65.7,4.40,0.18,68.5,458.1,273.9,16.5,4.80,3.20,2.62,2.68,79.4,64.1,80.7,13.8,Matches
192,Rhys Healey\Rhys-Healey,wal WAL,FWMF,Cardiff City,23,1994,0.6,31.7,0.00,5.00,3.33,23.3,5.00,26.7,1.67,3.33,50.0,1.67,0.00,20.0,113.3,38.3,1.67,0.00,0.00,0.00,6.67,40.0,20.0,50.0,11.7,Matches
193,Tom Heaton\Tom-Heaton,eng ENG,GK,Burnley,32,1986,19.0,33.4,28.1,31.8,1.63,0.11,0.05,20.1,0.05,0.05,100.0,0.05,0.00,13.2,91.3,56.9,0.00,0.00,0.00,0.00,0.00,10.1,9.95,98.4,0.05,Matches
194,Jordan Henderson\Jordan-Henderson,eng ENG,MF,Liverpool,28,1990,22.1,89.8,1.58,14.6,61.2,18.2,1.67,86.7,0.41,0.81,50.0,0.59,0.18,66.5,257.6,109.4,4.43,1.13,0.18,0.86,0.54,71.0,67.0,94.4,3.12,Matches
195,Jeff Hendrick\Jeff-Hendrick,ie IRL,MFFW,Burnley,26,1992,22.9,39.4,1.83,7.99,20.0,14.3,2.27,37.8,0.61,1.40,43.8,0.79,0.09,27.5,120.5,64.3,2.84,1.18,0.31,1.14,1.31,31.5,24.3,77.3,3.97,Matches
196,Wayne Hennessey\Wayne-Hennessey,wal WAL,GK,Crystal Palace,31,1987,17.5,31.1,27.0,30.1,1.03,0.00,0.00,19.9,0.00,0.00,,0.00,0.00,13.5,69.4,44.3,0.00,0.00,0.00,0.00,0.00,9.77,9.71,99.4,0.00,Matches
197,Javier Hernández\Javier-Hernandez,mx MEX,FW,West Ham,30,1988,14.8,32.3,0.54,2.30,16.8,14.5,3.72,30.4,0.95,1.28,73.7,0.95,0.07,23.9,86.3,37.3,2.09,0.34,0.27,2.16,1.15,43.7,25.2,57.7,7.97,Matches
198,Ander Herrera\Ander-Herrera,es ESP,MF,Manchester Utd,28,1989,15.6,76.3,3.01,18.0,45.9,16.3,1.41,75.4,1.03,1.28,80.0,1.03,0.06,54.9,219.2,104.6,5.13,1.41,0.13,0.83,0.26,57.8,54.2,93.8,2.82,Matches
199,Son Heung-min\Son-Heung-min,kr KOR,FWMF,Tottenham,26,1992,22.7,47.9,0.31,3.66,18.9,29.2,6.39,47.0,2.42,4.27,56.7,2.73,0.13,41.4,218.4,123.4,7.14,1.98,2.11,2.07,2.82,54.8,37.8,69.0,10.3,Matches
200,Gonzalo Higuaín\Gonzalo-Higuain,ar ARG,FW,Chelsea,30,1987,12.1,36.9,0.58,2.15,14.5,22.5,5.54,36.4,1.16,1.57,73.7,1.24,0.08,28.7,112.5,39.4,2.73,0.66,0.50,1.98,2.07,51.8,31.4,60.6,12.0,Matches
201,Wesley Hoedt\Wesley-Hoedt,nl NED,DF,Southampton,24,1994,13.0,60.0,7.77,30.3,31.0,2.00,0.54,58.2,0.46,0.54,85.7,0.46,0.00,35.8,178.6,93.7,2.54,0.31,0.00,0.15,0.31,34.8,34.4,98.7,0.38,Matches
202,Jonathan Hogg\Jonathan-Hogg,eng ENG,MF,Huddersfield,29,1988,26.3,69.1,1.67,14.6,45.2,13.0,0.49,68.3,0.53,0.65,82.4,0.57,0.00,47.0,192.8,70.0,1.90,0.80,0.04,0.68,0.87,44.8,41.4,92.4,1.67,Matches
203,Junior Hoilett\Junior-Hoilett,ca CAN,FWMF,Cardiff City,28,1990,23.8,35.8,1.39,8.32,12.0,18.2,2.77,34.4,0.84,2.31,36.4,0.92,0.00,24.7,144.2,77.4,4.03,0.84,0.59,1.72,2.06,31.0,20.2,65.1,4.66,Matches
204,Rob Holding\Rob-Holding,eng ENG,DF,Arsenal,22,1995,9.0,76.8,9.89,40.3,37.6,2.89,0.89,75.2,0.44,0.67,66.7,0.44,0.00,56.6,258.9,133.0,3.78,0.78,0.11,0.33,0.33,56.2,55.6,98.8,0.56,Matches
205,José Holebas\Jose-Holebas,gr GRE,DF,Watford,34,1984,26.6,60.8,4.29,18.3,24.2,21.1,0.98,43.3,0.86,1.73,50.0,0.94,0.11,26.9,131.3,65.5,3.05,0.98,0.34,0.83,1.17,25.5,23.2,91.0,1.17,Matches
206,Mason Holgate\Mason-Holgate,eng ENG,DF,Everton,21,1996,4.5,65.1,6.22,28.2,40.9,2.00,0.44,63.3,0.22,0.44,50.0,0.44,0.00,43.3,270.0,171.8,7.33,1.11,0.00,0.22,0.22,40.9,40.4,98.9,0.22,Matches
207,Callum Hudson-Odoi\Callum-Hudson-Odoi,eng ENG,FW,Chelsea,17,2000,4.4,65.2,1.36,7.50,24.1,38.0,4.77,63.6,2.50,4.09,61.1,2.50,0.00,56.1,295.9,173.4,11.4,1.36,2.05,3.41,0.91,66.6,54.3,81.6,7.27,Matches
208,Will Hughes\Will-Hughes,eng ENG,MFFW,Watford,23,1995,26.9,52.6,1.86,8.92,25.9,21.3,3.16,52.1,0.78,1.60,48.8,0.86,0.00,37.3,152.2,83.4,4.80,1.75,0.41,1.67,2.19,42.1,34.2,81.4,5.95,Matches
209,Emerson Hyndman\Emerson-Hyndman,us USA,MF,Bournemouth,22,1996,0.4,72.5,0.00,27.5,40.0,12.5,0.00,72.5,0.00,0.00,,0.00,0.00,52.5,167.5,100.0,2.50,0.00,0.00,5.00,2.50,55.0,52.5,95.5,2.50,Matches
210,Pierre Højbjerg\Pierre-Hojbjerg,dk DEN,MF,Southampton,22,1995,30.7,71.6,1.89,12.1,46.8,17.3,1.53,69.7,0.98,1.37,71.4,1.01,0.07,52.0,254.3,113.0,4.85,1.79,0.33,1.04,1.66,51.0,46.5,91.3,3.84,Matches
211,Jordon Ibe\Jordon-Ibe,eng ENG,MFFW,Bournemouth,22,1995,8.9,43.4,1.12,5.62,18.5,24.7,3.37,41.5,2.81,4.61,61.0,2.81,0.11,37.3,250.0,160.9,8.20,2.92,0.90,2.13,2.70,41.2,31.9,77.4,5.51,Matches
212,Vicente Iborra\Vicente-Iborra,es ESP,MF,Leicester City,30,1988,2.5,65.6,2.00,18.4,38.0,14.8,1.60,64.8,0.00,0.00,,0.00,0.00,49.2,207.2,84.4,2.00,0.80,0.00,0.80,0.80,50.4,46.8,92.9,3.20,Matches
213,Kelechi Iheanacho\Kelechi-Iheanacho,ng NGA,FWMF,Leicester City,21,1996,10.5,36.9,0.10,3.81,16.3,19.5,4.00,36.2,1.05,1.90,55.0,1.05,0.10,28.9,100.9,48.5,2.76,1.05,0.38,3.05,1.62,52.4,29.3,56.0,11.8,Matches
214,Danny Ings\Danny-Ings,eng ENG,FW,Southampton,26,1992,18.3,35.0,0.66,3.39,15.2,17.8,5.41,34.3,1.86,2.73,68.0,2.02,0.05,27.6,103.7,45.2,2.84,0.38,0.66,2.68,1.64,44.1,25.3,57.4,9.89,Matches
215,Alex Iwobi\Alex-Iwobi,ng NGA,FWMF,Arsenal,22,1996,21.9,59.5,0.73,6.80,26.7,31.6,5.84,58.7,2.42,4.25,57.0,2.65,0.37,53.3,312.9,201.4,11.7,3.20,2.83,2.74,2.65,62.0,49.0,79.1,8.45,Matches
216,José Izquierdo\Jose-Izquierdo,co COL,MFFW,Brighton,26,1992,8.8,36.4,1.48,9.09,13.1,17.3,3.18,36.1,1.25,2.61,47.8,1.48,0.11,26.0,163.6,88.7,4.43,1.25,1.02,1.70,1.59,33.4,22.3,66.7,5.57,Matches
217,Phil Jagielka\Phil-Jagielka,eng ENG,DFMF,Everton,35,1982,3.7,59.2,7.57,33.0,27.8,1.89,1.62,57.3,0.00,0.00,,0.00,0.00,31.6,152.4,70.3,0.54,0.00,0.00,0.54,0.00,34.6,33.8,97.7,0.54,Matches
218,Alireza Jahanbakhsh\Alireza-Jahanbakhsh,ir IRN,FWMF,Brighton,24,1993,11.3,42.5,1.77,10.4,17.3,18.4,1.95,41.1,1.50,3.54,42.5,1.95,0.18,30.5,140.3,78.8,3.72,1.15,0.35,2.83,1.95,37.3,26.4,70.6,6.11,Matches
219,Daryl Janmaat\Daryl-Janmaat,nl NED,DF,Watford,29,1989,16.9,57.0,4.97,19.1,25.6,14.9,1.12,49.7,0.71,1.07,66.7,0.77,0.18,33.1,141.7,84.2,4.08,1.54,0.18,0.41,0.65,31.1,28.6,92.2,1.54,Matches
220,Vincent Janssen\Vincent-Janssen,nl NED,FW,Tottenham,24,1994,0.4,42.5,0.00,0.00,15.0,30.0,10.0,40.0,0.00,0.00,,0.00,0.00,22.5,72.5,12.5,0.00,0.00,0.00,2.50,5.00,62.5,32.5,52.0,20.0,Matches
221,Carl Jenkinson\Carl-Jenkinson,eng ENG,DF,Arsenal,26,1992,1.8,58.9,3.33,15.0,25.0,21.7,2.22,51.1,0.00,0.56,0.0,0.00,0.00,40.6,115.0,44.4,2.78,1.11,0.00,1.11,0.56,43.9,37.2,84.8,3.89,Matches
222,Gabriel Jesus\Gabriel-Jesus,br BRA,FW,Manchester City,21,1997,11.5,46.5,0.35,2.96,18.0,28.3,9.22,45.2,2.00,4.09,48.9,2.26,0.09,36.6,160.8,83.1,4.96,1.57,1.39,3.30,1.48,59.7,36.7,61.5,17.0,Matches
223,Raúl Jiménez\Raul-Jimenez,mx MEX,FW,Wolves,27,1991,34.6,44.4,1.24,4.54,22.7,19.9,5.55,43.1,1.04,1.82,57.1,1.07,0.03,32.7,146.8,72.5,4.19,1.27,0.92,2.25,2.23,53.1,32.7,61.7,11.9,Matches
224,Stefan Johansen\Stefan-Johansen,no NOR,MF,Fulham,27,1991,4.6,61.7,2.39,14.1,36.3,14.6,0.65,59.1,0.65,0.87,75.0,0.87,0.00,44.3,137.0,63.0,2.17,1.52,0.00,1.52,0.87,48.0,41.7,86.9,2.61,Matches
225,Ben Johnson\Ben-Johnson,eng ENG,DF,West Ham,18,2000,0.7,45.7,4.29,24.3,17.1,5.71,0.00,34.3,0.00,2.86,0.0,1.43,0.00,22.9,82.9,15.7,0.00,0.00,0.00,0.00,0.00,22.9,21.4,93.8,0.00,Matches
226,Tyreke Johnson\Tyreke-Johnson,eng ENG,FW,Southampton,19,1998,0.0,0,0,0,0,0,0,0,0,0,,0,0,0,0,0,0,0,0,0,0,0,0,,0,Matches
227,Phil Jones\Phil-Jones,eng ENG,DF,Manchester Utd,26,1992,14.0,64.6,7.50,36.9,29.2,1.93,0.43,63.6,0.29,0.29,100.0,0.29,0.00,41.1,189.8,99.2,2.64,0.43,0.00,0.14,0.36,41.6,40.9,98.3,0.29,Matches
228,Jorginho\Jorginho,it ITA,MF,Chelsea,26,1991,35.1,94.8,3.30,20.8,59.8,19.4,0.20,93.8,0.43,0.60,71.4,0.46,0.00,74.6,245.3,132.0,4.56,1.68,0.00,0.57,1.00,77.2,74.4,96.3,2.02,Matches
229,Joselu\Joselu,es ESP,FW,Newcastle Utd,28,1990,6.6,43.3,2.27,4.85,24.4,15.9,4.24,42.7,1.06,1.67,63.6,1.06,0.00,23.3,54.4,12.9,0.45,0.15,0.15,2.88,2.27,52.6,31.4,59.7,11.2,Matches
230,Diogo Jota\Diogo-Jota,pt POR,FWMF,Wolves,21,1996,26.2,44.7,0.61,4.54,22.9,22.2,5.65,43.4,2.21,4.01,55.2,2.48,0.08,37.1,209.5,136.2,6.72,2.48,1.37,2.82,2.71,49.8,33.2,66.7,9.20,Matches
231,Mathias Jørgensen\Mathias-Jorgensen,dk DEN,DF,Huddersfield,28,1990,23.9,58.7,4.85,29.5,30.2,2.59,0.96,56.8,0.08,0.21,40.0,0.13,0.04,34.2,169.7,97.7,2.64,0.21,0.00,0.21,0.21,34.8,33.7,96.8,0.63,Matches
232,Christian Kabasele\Christian-Kabasele,be BEL,DF,Watford,27,1991,17.6,43.9,6.65,24.9,19.4,1.36,0.91,43.5,0.00,0.00,,0.00,0.00,22.0,106.1,43.1,0.91,0.06,0.00,0.23,0.00,23.5,22.6,96.4,0.80,Matches
233,Elias Kachunga\Elias-Kachunga,cd COD,FWMF,Huddersfield,26,1992,13.1,35.6,1.07,5.95,16.8,15.6,2.37,34.8,1.37,2.75,50.0,1.45,0.15,24.7,132.8,59.5,3.36,1.07,0.38,1.30,1.37,39.5,23.4,59.1,5.50,Matches
234,Aboubakar Kamara\Aboubakar-Kamara,fr FRA,FWMF,Fulham,23,1995,7.7,46.8,1.04,5.45,16.5,28.7,5.06,46.0,2.08,4.29,48.5,2.60,0.00,37.1,163.4,91.8,4.81,1.30,1.04,3.38,1.69,48.7,34.0,69.9,11.0,Matches
235,Harry Kane\Harry-Kane,eng ENG,FW,Tottenham,25,1993,26.9,34.8,0.67,1.75,16.4,19.0,5.99,33.5,1.60,2.57,62.3,1.67,0.11,27.4,133.9,64.5,3.90,1.23,1.12,3.12,2.08,47.0,27.6,58.8,9.81,Matches
236,N'Golo Kanté\NGolo-Kante,fr FRA,MF,Chelsea,27,1991,34.4,71.0,1.42,11.8,38.1,26.7,2.41,70.6,0.93,1.66,56.1,1.05,0.06,55.2,227.0,130.3,5.99,2.79,0.32,1.48,1.57,60.0,52.1,86.8,5.90,Matches
237,Beram Kayal\Beram-Kayal,il ISR,MF,Brighton,30,1988,10.4,41.3,4.04,14.2,22.8,7.02,1.15,40.1,0.77,1.35,57.1,0.77,0.00,24.2,118.7,63.9,2.12,0.77,0.10,1.25,1.25,23.9,20.3,84.7,1.54,Matches
238,Michael Keane\Michael-Keane,eng ENG,DF,Everton,25,1993,33.0,58.6,7.94,33.2,26.8,2.45,1.30,57.6,0.15,0.21,71.4,0.21,0.00,33.0,199.2,98.6,2.45,0.36,0.00,0.15,0.18,35.0,33.5,95.8,1.18,Matches
239,Neeskens Kebano\Neeskens-Kebano,cd COD,FWMF,Fulham,26,1992,1.2,41.7,2.50,5.00,17.5,24.2,3.33,41.7,0.83,1.67,50.0,0.83,0.00,30.0,247.5,142.5,7.50,3.33,0.83,2.50,2.50,39.2,26.7,68.1,10.8,Matches
240,Naby Keïta\Naby-Keita,gn GUI,MF,Liverpool,23,1995,15.4,79.7,2.01,9.09,50.5,26.9,3.51,78.9,1.69,2.79,60.5,1.95,0.13,66.4,347.3,203.1,10.6,3.70,0.58,2.14,1.82,68.8,62.2,90.5,6.62,Matches
241,Martin Kelly\Martin-Kelly,eng ENG,DF,Crystal Palace,28,1990,12.3,41.1,8.86,25.9,17.0,0.98,0.65,40.2,0.00,0.00,,0.00,0.00,21.0,136.7,76.4,1.54,0.24,0.00,0.08,0.08,20.1,19.7,98.0,0.49,Matches
242,Kenedy\Kenedy,br BRA,MFFW,Newcastle Utd,22,1996,15.0,51.8,1.60,11.8,25.5,19.2,2.20,48.7,2.80,4.13,67.7,3.07,0.20,37.5,196.9,91.7,4.33,1.20,0.67,1.40,2.07,36.7,29.0,78.9,5.40,Matches
243,Jonjoe Kenny\Jonjoe-Kenny,eng ENG,DF,Everton,21,1997,8.8,76.7,4.20,20.1,36.7,21.7,0.45,61.9,0.80,1.48,53.8,1.14,0.11,42.8,154.4,82.0,3.86,0.80,0.11,0.91,0.91,43.6,39.3,90.1,1.59,Matches
244,Max Kilman\Max-Kilman,eng ENG,DF,Wolves,21,1997,0.0,0,0,0,0,0,0,0,0,0,,0,0,0,0,0,0,0,0,0,0,0,0,,0,Matches
245,Joshua King\Joshua-King,no NOR,FW,Bournemouth,26,1992,32.9,41.3,0.82,4.92,18.8,21.4,5.78,40.4,2.22,3.62,61.3,2.40,0.15,32.4,183.2,110.5,4.80,2.01,0.97,3.47,3.43,49.1,30.5,62.1,11.0,Matches
246,Anthony Knockaert\Anthony-Knockaert,fr FRA,FWMF,Brighton,26,1991,20.4,47.1,1.13,9.75,19.4,21.8,2.94,42.5,1.42,3.04,46.8,1.62,0.10,34.2,190.5,102.8,5.69,1.47,1.03,2.21,1.32,37.9,30.0,78.9,4.80,Matches
247,Sead Kolašinac\Sead-Kolasinac,ba BIH,DF,Arsenal,25,1993,21.0,67.2,2.38,15.8,30.9,24.1,4.19,56.9,0.76,1.57,48.5,0.81,0.05,43.6,193.7,120.3,5.81,1.38,1.14,1.43,0.86,48.5,41.9,86.4,5.76,Matches
248,Vincent Kompany\Vincent-Kompany,be BEL,DF,Manchester City,32,1986,13.6,96.2,8.16,39.0,60.4,3.09,0.59,95.8,0.22,0.29,75.0,0.22,0.00,74.8,384.5,217.4,5.44,0.81,0.00,0.07,0.00,78.2,77.4,99.1,0.51,Matches
249,Terence Kongolo\Terence-Kongolo,nl NED,DF,Huddersfield,24,1994,30.2,52.9,5.17,25.1,24.6,6.19,1.03,49.4,0.43,0.70,61.9,0.46,0.00,30.2,143.6,77.0,2.38,0.66,0.13,0.36,0.17,32.7,30.4,92.9,1.13,Matches
250,Laurent Koscielny\Laurent-Koscielny,fr FRA,DF,Arsenal,32,1985,14.8,69.9,10.8,41.8,31.4,1.62,0.54,68.3,0.07,0.14,50.0,0.07,0.00,47.2,278.9,143.0,2.36,0.20,0.00,0.00,0.14,48.2,47.2,97.8,0.34,Matches
251,Cheikhou Kouyaté\Cheikhou-Kouyate,sn SEN,MF,Crystal Palace,28,1989,21.1,49.0,2.51,12.4,28.3,11.5,1.75,48.3,0.90,1.23,73.1,0.95,0.05,30.9,159.0,75.6,3.27,0.95,0.24,0.95,1.09,35.4,28.5,80.6,2.13,Matches
252,Mateo Kovačić\Mateo-Kovacic,hr CRO,MF,Chelsea,24,1994,19.3,88.4,1.35,12.3,52.2,30.8,1.81,86.4,1.76,2.12,82.9,1.76,0.05,75.3,323.5,168.7,7.72,3.63,0.10,1.35,2.28,79.7,73.5,92.2,3.68,Matches
253,Rajiv van La Parra\Rajiv-van-La-Parra,nl NED,MFFW,Huddersfield,27,1991,4.5,42.7,0.44,5.56,21.3,20.7,3.11,41.3,1.56,4.89,31.8,1.78,0.22,35.1,199.8,103.8,4.67,1.56,0.44,1.33,4.44,36.4,31.3,86.0,5.56,Matches
254,Alexandre Lacazette\Alexandre-Lacazette,fr FRA,FW,Arsenal,27,1991,27.8,42.0,1.08,3.63,16.7,23.9,7.59,40.4,1.87,2.59,72.2,1.91,0.14,32.7,122.2,56.4,3.56,1.08,0.68,2.45,1.91,51.6,32.1,62.2,12.9,Matches
255,Adam Lallana\Adam-Lallana,eng ENG,MFFW,Liverpool,30,1988,5.2,72.7,0.58,7.50,35.4,33.7,5.58,70.8,1.73,2.50,69.2,1.92,0.19,55.2,237.7,105.6,5.38,1.92,0.77,1.73,2.12,67.7,54.2,80.1,10.6,Matches
256,Érik Lamela\Erik-Lamela,ar ARG,FWMF,Tottenham,26,1992,10.8,55.6,0.46,4.44,23.9,31.7,5.83,53.0,1.94,3.06,63.6,2.13,0.09,42.7,214.4,110.1,6.67,1.76,0.93,2.13,2.22,54.4,40.5,74.3,11.4,Matches
257,Manuel Lanzini\Manuel-Lanzini,ar ARG,MF,West Ham,25,1993,7.6,71.6,0.53,8.42,46.1,23.7,2.76,69.1,1.71,2.50,68.4,1.84,0.13,58.9,328.8,167.6,9.34,3.55,0.26,1.05,2.11,68.3,57.8,84.6,3.29,Matches
258,Aymeric Laporte\Aymeric-Laporte,fr FRA,DF,Manchester City,24,1994,34.0,96.3,6.97,34.2,63.2,6.12,0.97,94.2,0.06,0.15,40.0,0.09,0.00,73.2,432.2,307.8,12.1,2.00,0.06,0.12,0.09,77.9,76.5,98.3,0.82,Matches
259,Jamaal Lascelles\Jamaal-Lascelles,eng ENG,DF,Newcastle Utd,24,1993,30.5,47.1,9.05,30.0,17.1,1.74,1.08,46.4,0.10,0.13,75.0,0.10,0.00,24.1,103.6,41.9,0.72,0.10,0.00,0.30,0.26,23.0,22.5,97.4,1.05,Matches
260,Maxime Le Marchand\Maxime-Le-Marchand,fr FRA,DF,Fulham,28,1989,25.0,69.7,8.84,37.9,30.5,4.64,0.64,66.0,0.36,0.52,69.2,0.36,0.04,42.2,201.1,106.0,2.32,0.32,0.04,0.32,0.20,42.8,41.6,97.1,0.80,Matches
261,Florian Lejeune\Florian-Lejeune,fr FRA,DF,Newcastle Utd,27,1991,11.7,59.3,7.52,31.3,27.5,3.50,1.03,57.7,0.26,0.26,100.0,0.26,0.00,34.6,188.1,95.5,2.31,0.51,0.00,0.51,0.09,35.2,33.8,95.9,1.03,Matches
262,Mario Lemina\Mario-Lemina,ga GAB,MF,Southampton,24,1993,17.9,58.6,3.07,13.4,34.4,15.2,1.40,57.9,1.62,2.51,64.4,1.62,0.11,42.5,242.3,127.9,5.70,1.90,0.06,0.89,1.34,41.7,38.0,91.2,2.74,Matches
263,Aaron Lennon\Aaron-Lennon,eng ENG,FWMF,Burnley,31,1987,13.5,32.2,1.41,6.37,15.0,12.8,1.93,32.0,0.59,1.11,53.3,0.59,0.07,22.4,115.9,56.6,3.48,0.67,0.30,0.74,0.81,26.4,20.2,76.5,4.00,Matches
264,Bernd Leno\Bernd-Leno,de GER,GK,Arsenal,26,1992,31.5,37.9,34.0,37.7,0.22,0.00,0.00,27.6,0.00,0.00,,0.00,0.00,19.4,88.2,44.4,0.00,0.00,0.00,0.03,0.03,16.6,16.5,99.8,0.00,Matches
265,Jefferson Lerma\Jefferson-Lerma,co COL,MF,Bournemouth,23,1994,27.8,67.8,5.04,21.3,39.6,11.3,0.61,66.8,1.01,1.22,82.4,1.01,0.00,45.5,193.6,91.1,3.02,1.12,0.11,0.58,0.68,44.6,42.0,94.2,1.15,Matches
266,Stephan Lichtsteiner\Stephan-Lichtsteiner,ch SUI,DF,Arsenal,34,1984,10.4,66.9,3.27,22.4,32.0,17.4,1.15,57.6,0.77,0.96,80.0,0.77,0.00,42.0,206.5,115.8,5.10,1.92,0.10,0.67,1.44,46.3,42.1,90.9,2.31,Matches
267,Victor Lindelöf\Victor-Lindelof,se SWE,DF,Manchester Utd,24,1994,28.9,59.7,6.78,31.9,29.9,1.31,0.45,58.5,0.24,0.24,100.0,0.24,0.03,40.3,226.4,123.4,3.46,0.31,0.00,0.17,0.10,40.2,39.5,98.3,0.42,Matches
268,Jesse Lingard\Jesse-Lingard,eng ENG,FWMF,Manchester Utd,25,1992,18.5,52.9,0.59,4.38,28.5,24.3,3.14,51.1,1.03,2.11,48.7,1.24,0.05,41.3,191.9,94.8,5.30,2.11,0.65,1.68,1.30,58.6,41.4,70.6,7.84,Matches
269,Fernando Llorente\Fernando-Llorente,es ESP,FW,Tottenham,33,1985,7.7,42.7,2.08,3.90,17.4,22.2,8.18,42.6,1.17,1.69,69.2,1.30,0.00,23.8,43.9,13.6,0.91,0.26,0.26,3.12,1.82,55.5,33.0,59.5,16.4,Matches
270,Hugo Lloris\Hugo-Lloris,fr FRA,GK,Tottenham,31,1986,33.0,38.2,35.2,38.1,0.18,0.00,0.00,29.2,0.00,0.00,,0.00,0.00,20.4,75.0,34.0,0.00,0.00,0.00,0.00,0.00,19.3,19.2,99.7,0.00,Matches
271,Jürgen Locadia\Jurgen-Locadia,nl NED,FWMF,Brighton,24,1993,13.7,37.4,1.24,7.01,14.2,18.2,3.94,36.8,0.58,0.73,80.0,0.58,0.00,25.2,107.2,54.7,2.48,0.88,0.66,2.77,1.68,44.0,25.0,56.9,8.18,Matches
272,Ruben Loftus-Cheek\Ruben-Loftus-Cheek,eng ENG,MFFW,Chelsea,22,1996,11.1,70.4,1.26,10.2,36.0,30.9,5.23,68.7,2.43,3.78,64.3,2.61,0.09,58.9,323.4,194.5,8.38,2.97,0.54,1.80,3.06,66.2,54.7,82.6,8.65,Matches
273,Kevin Long\Kevin-Long,ie IRL,DF,Burnley,27,1990,5.7,42.1,7.02,24.0,19.5,0.88,0.53,41.8,0.00,0.00,,0.00,0.00,21.2,109.3,45.1,1.05,0.00,0.18,0.00,0.18,20.7,20.0,96.6,0.53,Matches
274,Shane Long\Shane-Long,ie IRL,FWMF,Southampton,31,1987,14.1,36.5,1.13,2.48,15.2,20.6,4.82,35.8,0.43,1.06,40.0,0.50,0.00,20.6,80.2,39.4,2.27,0.78,0.71,3.33,1.63,55.1,27.3,49.5,11.1,Matches
275,Sean Longstaff\Sean-Longstaff,eng ENG,MF,Newcastle Utd,20,1997,7.6,50.1,2.11,10.5,35.1,7.24,0.79,49.7,0.66,0.79,83.3,0.66,0.00,32.2,139.7,55.0,1.71,1.05,0.00,0.53,0.66,29.9,26.6,89.0,0.79,Matches
276,Ademola Lookman\Ademola-Lookman,eng ENG,FWMF,Everton,20,1997,6.9,56.7,0.72,6.52,27.0,29.1,4.93,54.8,3.91,5.80,67.5,4.06,0.43,49.1,258.6,125.5,6.23,2.46,0.87,2.46,3.33,52.2,40.4,77.5,7.10,Matches
277,Jonas Lössl\Jonas-Lossl,dk DEN,GK,Huddersfield,29,1989,30.9,37.9,32.4,37.6,0.36,0.10,0.03,27.9,0.06,0.06,100.0,0.06,0.00,20.5,95.8,54.0,0.00,0.00,0.00,0.00,0.00,17.5,17.3,99.3,0.00,Matches
278,Dejan Lovren\Dejan-Lovren,hr CRO,DF,Liverpool,29,1989,11.0,85.4,6.73,46.2,42.6,1.82,0.91,83.5,0.00,0.00,,0.00,0.00,58.0,256.5,142.3,3.36,0.36,0.00,0.27,0.09,60.5,59.5,98.3,0.27,Matches
279,Chris Löwe\Chris-Lowe,de GER,DFMF,Huddersfield,29,1989,22.9,56.5,2.49,16.2,24.6,19.0,0.96,48.5,0.52,0.74,70.6,0.52,0.00,32.3,168.0,88.0,3.71,1.53,0.22,0.52,0.87,37.6,32.0,85.1,2.45,Matches
280,Matthew Lowton\Matthew-Lowton,eng ENG,DF,Burnley,29,1989,19.4,57.7,5.26,18.8,27.8,14.5,0.26,46.9,0.72,1.13,63.6,0.77,0.00,28.5,124.4,63.1,2.84,1.55,0.00,0.41,0.41,26.2,24.1,91.7,0.98,Matches
281,David Luiz\David-Luiz,br BRA,DF,Chelsea,31,1987,36.0,81.6,7.92,37.2,48.9,3.81,0.92,78.8,0.22,0.25,88.9,0.22,0.00,57.9,391.7,260.4,6.61,1.14,0.06,0.25,0.22,60.3,59.5,98.7,0.69,Matches
282,Romelu Lukaku\Romelu-Lukaku,be BEL,FW,Manchester Utd,25,1993,23.7,34.9,1.14,2.19,14.4,19.7,5.19,33.6,1.10,1.60,68.4,1.14,0.08,24.6,97.8,48.1,3.16,0.55,0.84,2.15,2.24,50.2,27.6,54.9,12.0,Matches
283,James Maddison\James-Maddison,eng ENG,MFFW,Leicester City,21,1996,31.5,62.3,0.32,5.24,31.2,30.0,2.92,55.0,1.37,1.87,72.9,1.46,0.19,47.2,212.0,107.1,5.75,2.29,0.44,1.52,1.40,55.7,44.3,79.5,6.98,Matches
284,Gary Madine\Gary-Madine,eng ENG,FWMF,Cardiff City,27,1990,0.4,42.5,0.00,2.50,12.5,27.5,7.50,37.5,2.50,2.50,100.0,2.50,0.00,20.0,120.0,22.5,2.50,0.00,0.00,2.50,5.00,47.5,30.0,63.2,12.5,Matches
285,Harry Maguire\Harry-Maguire,eng ENG,DF,Leicester City,25,1993,28.8,71.7,8.61,34.2,38.1,6.67,2.26,69.5,0.59,0.69,85.0,0.59,0.00,46.5,329.2,198.6,5.42,1.32,0.03,0.45,0.35,46.8,45.1,96.4,2.08,Matches
286,Riyad Mahrez\Riyad-Mahrez,dz ALG,FWMF,Manchester City,27,1991,14.9,71.7,0.34,4.63,28.8,43.9,6.85,67.4,2.08,3.69,56.4,2.21,0.07,59.3,375.0,195.7,11.3,2.68,2.48,1.41,1.95,63.4,55.8,88.1,7.65,Matches
287,Ainsley Maitland-Niles\Ainsley-Maitland-Niles,eng ENG,DF,Arsenal,20,1997,11.0,65.5,2.64,17.3,30.6,21.8,2.09,56.0,1.73,2.36,73.1,1.73,0.00,40.2,196.6,123.2,6.64,2.18,0.27,1.64,1.82,42.7,37.4,87.4,3.00,Matches
288,Sadio Mané\Sadio-Mane,sn SEN,FW,Liverpool,26,1992,34.2,49.2,0.67,3.98,21.4,28.1,6.35,48.7,1.78,3.22,55.5,1.96,0.12,39.0,229.1,119.3,6.20,2.16,1.32,2.72,1.84,55.6,38.7,69.5,11.8,Matches
289,Javier Manquillo\Javier-Manquillo,es ESP,DF,Newcastle Utd,24,1994,12.2,55.1,3.85,18.4,23.0,17.0,0.74,44.8,0.41,1.07,38.5,0.49,0.00,27.1,155.7,84.3,3.93,1.80,0.00,1.23,0.98,28.6,24.8,86.8,2.54,Matches
290,Solly March\Solly-March,eng ENG,FWMF,Brighton,24,1994,27.4,45.7,1.90,8.91,16.3,23.2,2.12,42.9,1.57,2.45,64.2,1.75,0.04,32.2,176.8,93.0,5.22,1.06,0.80,1.75,1.50,42.2,29.6,70.2,6.46,Matches
291,Adrian Mariappa\Adrian-Mariappa,jm JAM,DF,Watford,31,1986,21.4,52.1,6.92,31.3,21.4,1.21,0.56,51.0,0.05,0.14,33.3,0.09,0.00,31.0,120.5,61.1,0.93,0.05,0.00,0.14,0.19,32.2,31.4,97.5,0.33,Matches
292,Lazar Marković\Lazar-Markovic,rs SRB,FW,Fulham,24,1994,0.5,76.0,4.00,10.0,46.0,30.0,2.00,76.0,0.00,0.00,,0.00,0.00,64.0,178.0,66.0,2.00,4.00,0.00,2.00,6.00,74.0,66.0,89.2,10.0,Matches
293,Anthony Martial\Anthony-Martial,fr FRA,FW,Manchester Utd,22,1995,18.0,54.3,0.33,4.22,22.7,31.9,7.61,53.4,1.72,3.17,54.4,1.89,0.06,47.0,261.2,175.8,9.78,2.72,2.56,2.33,2.44,56.9,45.1,79.3,10.3,Matches
294,Adam Masina\Adam-Masina,it ITA,DF,Watford,24,1994,11.2,61.8,3.39,19.8,31.5,13.2,0.36,50.7,0.54,0.98,54.5,0.54,0.00,31.8,111.0,60.1,2.59,0.98,0.00,0.54,0.80,32.8,29.5,89.9,0.63,Matches
295,Arthur Masuaku\Arthur-Masuaku,cd COD,DF,West Ham,24,1993,19.5,67.1,4.97,25.0,33.7,15.1,0.97,58.1,1.54,2.21,69.8,1.54,0.05,42.9,263.3,161.6,6.92,2.62,0.67,0.77,1.38,40.1,37.4,93.5,1.08,Matches
296,Juan Mata\Juan-Mata,es ESP,FWMF,Manchester Utd,30,1988,14.3,61.0,0.70,6.36,29.9,28.4,3.92,56.2,0.84,1.40,60.0,0.91,0.00,46.4,182.3,82.6,4.69,2.31,0.21,1.05,1.05,57.6,46.1,80.0,7.41,Matches
297,Nemanja Matić\Nemanja-Matic,rs SRB,MF,Manchester Utd,29,1988,27.1,76.8,3.84,21.3,50.0,11.6,1.07,74.9,0.66,0.77,85.7,0.74,0.00,54.7,264.6,142.1,5.06,1.55,0.15,0.59,1.51,53.3,52.0,97.6,1.25,Matches
298,Joël Matip\Joel-Matip,cm CMR,DF,Liverpool,26,1991,17.1,87.7,5.91,41.8,49.0,4.21,1.11,86.1,0.29,0.41,71.4,0.29,0.00,60.2,326.4,225.3,6.55,1.64,0.12,0.18,0.12,63.7,63.1,99.0,0.64,Matches
299,Konstantinos Mavropanos\Konstantinos-Mavropanos,gr GRE,DF,Arsenal,20,1997,1.6,93.1,5.00,31.9,63.8,4.38,0.63,92.5,0.63,0.63,100.0,0.63,0.00,71.9,401.3,257.5,8.13,1.88,0.00,0.00,0.00,73.1,70.6,96.6,0.63,Matches
300,Alfie Mawson\Alfie-Mawson,eng ENG,DF,Fulham,24,1994,12.6,49.4,8.73,29.4,20.8,0.95,0.48,48.2,0.24,0.24,100.0,0.24,0.08,27.2,110.6,48.9,0.79,0.00,0.00,0.16,0.16,27.1,26.6,98.0,0.24,Matches
301,Isaac Mbenza\Isaac-Mbenza,be BEL,FWMF,Huddersfield,22,1996,11.0,33.8,0.73,5.55,15.8,15.3,1.55,32.6,0.91,2.27,40.0,1.18,0.18,26.1,141.5,83.9,3.73,1.09,0.18,1.36,1.00,37.8,23.4,61.8,4.45,Matches
302,James McArthur\James-McArthur,sco SCO,MF,Crystal Palace,30,1987,34.0,54.8,2.24,14.1,29.6,13.9,2.79,53.3,0.85,1.24,69.0,0.88,0.06,37.8,173.2,83.0,3.94,0.88,0.35,1.12,1.29,39.9,33.6,84.0,5.15,Matches
303,Alex McCarthy\Alex-McCarthy,eng ENG,GK,Southampton,28,1989,25.0,28.6,23.7,28.5,0.16,0.04,0.00,18.7,0.04,0.04,100.0,0.04,0.00,12.7,68.9,38.9,0.00,0.00,0.00,0.04,0.00,8.48,8.48,100.0,0.00,Matches
304,James McCarthy\James-McCarthy,ie IRL,MF,Everton,27,1990,0.2,50.0,0.00,10.0,40.0,0.00,0.00,45.0,0.00,0.00,,0.00,0.00,20.0,50.0,30.0,0.00,0.00,0.00,0.00,0.00,20.0,20.0,100.0,0.00,Matches
305,Kevin McDonald\Kevin-McDonald,sco SCO,MF,Fulham,29,1988,9.3,67.4,2.80,21.5,42.5,6.67,0.22,65.2,0.11,0.22,50.0,0.11,0.11,47.4,165.1,74.4,2.37,0.43,0.00,0.86,0.22,49.1,47.3,96.3,0.65,Matches
306,Dwight McNeil\Dwight-McNeil,eng ENG,MFFW,Burnley,18,1999,17.7,44.8,2.20,7.91,22.0,20.2,1.75,41.8,1.86,3.28,56.9,2.03,0.00,32.9,218.7,119.7,6.33,2.54,0.34,0.96,1.64,34.1,27.0,79.1,2.71,Matches
307,Scott McTominay\Scott-McTominay,sco SCO,MFDF,Manchester Utd,21,1996,9.6,58.0,3.23,14.3,38.6,8.13,1.88,57.6,0.21,0.94,22.2,0.42,0.00,41.0,239.0,103.3,3.44,0.52,0.10,1.15,0.42,44.9,39.9,88.9,2.19,Matches
308,Ben Mee\Ben-Mee,eng ENG,DF,Burnley,28,1989,38.0,51.7,8.42,27.6,24.3,2.29,1.47,50.8,0.24,0.32,75.0,0.24,0.00,26.9,140.3,68.3,1.97,0.16,0.00,0.42,0.13,25.9,25.1,97.0,1.18,Matches
309,Nathaniel Mendez-Laing\Nathaniel-Mendez-Laing,eng ENG,MFFW,Cardiff City,26,1992,10.9,42.8,2.11,9.36,17.5,19.4,4.95,42.2,2.39,3.21,74.3,2.39,0.18,29.1,161.9,99.5,4.68,1.28,1.65,2.66,2.39,40.6,25.0,61.8,6.33,Matches
310,Benjamin Mendy\Benjamin-Mendy,fr FRA,DF,Manchester City,24,1994,10.0,87.5,1.90,14.7,42.9,34.5,1.30,77.7,1.20,1.80,66.7,1.50,0.30,62.3,259.0,154.1,7.00,2.10,0.40,0.40,1.20,63.1,60.3,95.6,2.10,Matches
311,Nampalys Mendy\Nampalys-Mendy,fr FRA,MF,Leicester City,26,1992,23.2,56.8,2.46,13.8,37.6,8.62,0.26,56.0,0.82,1.16,70.4,0.91,0.00,42.3,193.2,91.8,3.84,0.78,0.09,0.56,1.08,40.2,37.5,93.3,0.82,Matches
312,Chris Mepham\Chris-Mepham,wal WAL,DF,Bournemouth,20,1997,9.4,54.0,10.3,35.0,21.3,1.28,0.64,52.2,0.43,0.64,66.7,0.53,0.11,30.6,218.7,105.3,1.70,0.00,0.00,0.32,0.21,32.2,30.9,95.7,0.64,Matches
313,Max Meyer\Max-Meyer,de GER,MFFW,Crystal Palace,22,1995,15.7,56.4,1.27,11.7,26.7,23.1,3.89,54.8,1.21,1.66,73.1,1.21,0.00,44.3,238.2,127.3,6.62,2.29,0.76,1.21,1.46,47.9,41.0,85.6,6.37,Matches
314,Luka Milivojević\Luka-Milivojevic,rs SRB,MF,Crystal Palace,27,1991,38.0,67.5,3.11,17.4,39.2,14.3,0.87,60.2,0.47,0.74,64.3,0.53,0.00,40.6,180.6,84.0,3.32,0.58,0.08,0.55,0.45,41.0,39.1,95.4,0.76,Matches
315,James Milner\James-Milner,eng ENG,MFDF,Liverpool,32,1986,19.9,91.7,1.61,16.5,48.1,31.3,2.51,80.4,0.85,1.06,81.0,0.90,0.05,64.3,235.1,123.0,6.08,2.01,0.20,1.26,0.80,68.5,62.7,91.5,4.17,Matches
316,Yerry Mina\Yerry-Mina,co COL,DF,Everton,23,1994,9.9,60.6,8.69,36.6,25.2,2.53,1.21,58.9,0.10,0.10,100.0,0.10,0.00,34.8,203.8,115.7,2.83,0.30,0.00,0.51,0.40,40.2,37.5,93.2,0.91,Matches
317,Tyrone Mings\Tyrone-Mings,eng ENG,DF,Bournemouth,25,1993,1.6,68.8,6.88,32.5,36.3,4.38,0.63,63.8,0.63,0.63,100.0,0.63,0.00,44.4,228.1,76.3,2.50,0.63,0.00,1.25,0.63,43.1,39.4,91.3,1.25,Matches
318,Aleksandar Mitrović\Aleksandar-Mitrovic,rs SRB,FW,Fulham,23,1994,36.4,43.2,1.68,3.35,23.3,18.0,5.00,40.5,0.88,1.62,54.2,0.93,0.27,25.0,68.1,32.6,1.90,0.71,0.44,3.19,2.42,58.3,32.8,56.3,12.0,Matches
319,Henrikh Mkhitaryan\Henrikh-Mkhitaryan,am ARM,FWMF,Arsenal,29,1989,18.2,62.5,1.15,8.63,29.3,29.6,4.89,58.8,1.32,2.80,47.1,1.48,0.16,45.0,240.4,141.2,7.31,2.09,0.71,2.53,1.65,53.2,42.6,80.1,8.63,Matches
320,Nacho Monreal\Nacho-Monreal,es ESP,DF,Arsenal,32,1986,20.7,72.4,4.11,25.3,34.9,16.1,1.88,65.2,0.48,0.68,71.4,0.48,0.00,48.7,217.1,107.4,3.77,1.35,0.10,0.43,0.24,50.5,47.7,94.5,2.42,Matches
321,Martín Montoya\Martin-Montoya,es ESP,DF,Brighton,27,1991,24.1,58.1,4.11,21.0,27.3,13.1,0.62,48.0,0.50,0.87,57.1,0.62,0.04,31.4,145.6,80.2,3.24,1.12,0.08,0.71,0.66,31.9,29.8,93.4,0.58,Matches
322,Aaron Mooy\Aaron-Mooy,au AUS,MFFW,Huddersfield,27,1990,25.9,66.7,1.00,8.61,35.1,27.0,1.66,61.4,1.16,2.05,56.6,1.24,0.00,47.9,227.9,97.1,4.86,1.89,0.35,1.24,1.35,50.1,42.9,85.7,4.48,Matches
323,Álvaro Morata\Alvaro-Morata,es ESP,FW,Chelsea,25,1992,10.5,33.1,0.76,2.00,15.6,17.1,5.33,32.8,0.67,1.14,58.3,0.67,0.00,26.2,83.0,36.9,2.29,0.48,0.67,2.48,2.48,46.9,27.3,58.3,13.0,Matches
324,Alberto Moreno\Alberto-Moreno,es ESP,DF,Liverpool,26,1992,1.7,81.8,1.18,18.8,42.4,22.9,1.18,74.1,2.35,2.94,80.0,2.35,0.00,62.9,206.5,108.8,4.12,0.59,0.00,0.59,0.00,62.9,56.5,89.7,3.53,Matches
325,Wes Morgan\Wes-Morgan,jm JAM,DF,Leicester City,34,1984,21.4,52.4,5.65,28.0,25.3,2.15,1.36,51.4,0.14,0.14,100.0,0.14,0.00,30.3,154.4,70.6,1.40,0.14,0.00,0.61,0.00,30.7,29.6,96.4,1.12,Matches
326,Sean Morrison\Sean-Morrison,eng ENG,DF,Cardiff City,27,1991,33.8,37.9,6.78,20.4,13.0,5.53,3.25,33.5,0.33,0.38,84.6,0.36,0.00,10.4,48.4,22.8,0.47,0.09,0.03,0.30,0.15,14.2,11.0,77.1,3.40,Matches
327,Victor Moses\Victor-Moses,ng NGA,FW,Chelsea,27,1990,0.3,70.0,0.00,3.33,30.0,40.0,6.67,70.0,0.00,3.33,0.0,0.00,0.00,46.7,250.0,140.0,3.33,3.33,0.00,3.33,3.33,63.3,53.3,84.2,10.0,Matches
328,Steve Mounié\Steve-Mounie,bj BEN,FW,Huddersfield,23,1994,19.8,40.0,0.81,2.73,21.6,18.1,6.52,38.6,0.61,1.06,57.1,0.71,0.00,21.2,109.1,44.3,2.22,1.11,0.45,2.22,2.02,57.0,30.9,54.2,12.2,Matches
329,Lucas Moura\Lucas-Moura,br BRA,FWMF,Tottenham,25,1992,23.6,45.6,1.36,4.49,21.3,23.4,5.42,45.3,1.86,3.52,53.0,1.95,0.00,35.6,175.9,88.5,4.83,1.27,1.14,2.50,1.99,48.3,33.5,69.4,9.03,Matches
330,Lys Mousset\Lys-Mousset,fr FRA,FWMF,Bournemouth,22,1996,4.1,47.1,0.49,3.66,22.0,23.4,7.80,45.9,1.22,3.17,38.5,1.71,0.24,32.9,119.3,48.3,2.44,0.73,0.49,4.15,2.44,56.1,35.6,63.5,15.9,Matches
331,João Moutinho\Joao-Moutinho,pt POR,MF,Wolves,31,1986,33.7,70.7,1.99,13.0,41.2,20.0,0.39,63.1,0.45,0.62,71.4,0.45,0.03,46.0,205.9,109.7,5.31,1.48,0.03,0.59,0.80,47.9,43.5,90.9,1.60,Matches
332,Jacob Murphy\Jacob-Murphy,eng ENG,MFFW,Newcastle Utd,23,1995,3.4,32.9,2.65,10.6,10.9,16.8,2.65,30.6,0.88,2.06,42.9,0.88,0.00,21.5,140.0,82.1,4.71,2.06,0.59,2.94,0.88,24.1,17.1,70.7,5.29,Matches
333,Josh Murphy\Josh-Murphy,eng ENG,FWMF,Cardiff City,23,1995,20.2,35.2,0.79,5.54,13.4,20.1,4.16,33.9,2.28,5.05,45.1,2.67,0.40,27.7,152.5,97.5,4.85,1.14,1.04,2.18,2.33,34.7,22.4,64.7,5.40,Matches
334,Glenn Murray\Glenn-Murray,eng ENG,FW,Brighton,34,1983,27.9,33.7,0.82,2.44,17.5,14.9,3.69,32.5,0.50,0.75,66.7,0.57,0.00,18.1,47.3,16.4,1.00,0.39,0.07,3.05,1.76,51.2,26.2,51.2,8.60,Matches
335,Shkodran Mustafi\Shkodran-Mustafi,de GER,DF,Arsenal,26,1992,29.0,73.4,9.00,38.5,35.3,4.10,1.31,71.1,0.41,0.52,80.0,0.41,0.00,46.7,255.0,146.1,3.41,0.62,0.03,0.34,0.38,48.7,47.2,96.9,0.97,Matches
336,Yoshinori Mutō\Yoshinori-Muto,jp JPN,FW,Newcastle Utd,26,1992,5.8,34.3,0.86,4.66,16.2,16.4,4.14,33.6,1.90,2.93,64.7,1.90,0.00,23.8,122.2,65.3,3.62,0.86,0.34,2.24,2.07,42.6,21.2,49.8,7.24,Matches
337,Georges-Kévin N'Koudou\Georges-Kevin-NKoudou,fr FRA,FW,Tottenham,23,1995,0.1,60.0,0.00,0.00,10.0,50.0,0.00,60.0,0.00,0.00,,0.00,0.00,60.0,260.0,80.0,0.00,0.00,0.00,10.0,0.00,60.0,50.0,83.3,10.0,Matches
338,Samir Nasri\Samir-Nasri,fr FRA,MF,West Ham,31,1987,2.7,61.9,0.74,5.56,29.3,30.7,3.70,59.6,0.74,1.48,50.0,0.74,0.00,54.4,342.2,160.4,8.52,1.85,0.74,0.00,0.74,64.8,53.7,82.9,4.44,Matches
339,Marc Navarro\Marc-Navarro,es ESP,DF,Watford,23,1995,0.9,48.9,4.44,14.4,24.4,11.1,1.11,42.2,1.11,1.11,100.0,1.11,0.00,21.1,67.8,27.8,2.22,0.00,0.00,0.00,0.00,21.1,21.1,100.0,0.00,Matches
340,Wilfred Ndidi\Wilfred-Ndidi,ng NGA,MF,Leicester City,21,1996,36.6,69.7,3.50,18.4,43.8,10.9,1.17,69.2,1.09,1.42,76.9,1.23,0.11,45.7,188.8,81.5,2.95,0.93,0.03,1.04,1.07,45.7,41.9,91.6,2.02,Matches
341,Rúben Neves\Ruben-Neves,pt POR,MF,Wolves,21,1997,33.4,69.6,2.22,17.7,45.0,10.1,0.18,67.2,0.36,0.63,57.1,0.42,0.00,48.0,189.2,98.8,3.95,0.87,0.00,0.51,1.02,47.5,45.0,94.7,0.63,Matches
342,Oumar Niasse\Oumar-Niasse,sn SEN,FWMF,Everton,28,1990,0.7,58.6,0.00,0.00,21.4,40.0,12.9,57.1,1.43,10.0,14.3,2.86,0.00,52.9,180.0,127.1,7.14,1.43,1.43,2.86,7.14,82.9,52.9,63.8,24.3,Matches
343,Oumar Niasse\Oumar-Niasse,sn SEN,FW,Cardiff City,28,1990,10.3,35.1,1.07,2.52,17.0,19.1,3.69,34.7,2.82,4.56,61.7,3.11,0.00,28.4,116.7,64.5,3.30,1.07,0.58,5.53,4.66,58.3,26.1,44.8,10.1,Matches
344,Eddie Nketiah\Eddie-Nketiah,eng ENG,MFFW,Arsenal,19,1999,0.7,50.0,1.43,2.86,18.6,32.9,8.57,48.6,2.86,4.29,66.7,2.86,0.00,42.9,274.3,124.3,7.14,2.86,1.43,4.29,5.71,65.7,37.1,56.5,8.57,Matches
345,Mark Noble\Mark-Noble,eng ENG,MF,West Ham,31,1987,25.5,68.2,1.06,13.8,43.7,14.7,1.14,65.3,0.59,0.86,68.2,0.63,0.04,50.8,233.0,97.1,4.39,0.94,0.16,1.10,1.29,55.7,50.5,90.6,1.88,Matches
346,Håvard Nordtveit\Havard-Nordtveit,no NOR,DF,Fulham,28,1990,4.0,65.8,8.00,40.0,27.5,0.50,0.25,63.8,0.50,0.50,100.0,0.50,0.00,47.0,159.5,75.8,2.00,0.00,0.00,0.00,0.25,45.3,44.3,97.8,0.25,Matches
347,Will Norris\Will-Norris,eng ENG,GK,Wolves,24,1993,0.0,0,0,0,0,0,0,0,0,0,,0,0,0,0,0,0,0,0,0,0,0,0,,0,Matches
348,Michael Obafemi\Michael-Obafemi,ie IRL,FW,Southampton,18,2000,1.5,32.0,0.67,2.00,9.33,23.3,10.7,31.3,0.67,2.67,25.0,1.33,0.00,24.0,108.0,80.7,3.33,2.00,2.00,2.67,2.00,48.7,22.0,45.2,11.3,Matches
349,Pedro Obiang\Pedro-Obiang,gq EQG,MF,West Ham,26,1992,12.5,54.4,2.24,12.6,32.5,12.1,0.88,53.7,0.64,0.72,88.9,0.72,0.00,38.1,141.7,57.5,2.88,1.20,0.16,0.72,0.88,40.4,35.8,88.7,2.32,Matches
350,Denis Odoi\Denis-Odoi,be BEL,DF,Fulham,30,1988,28.8,62.0,7.88,29.5,30.1,5.69,0.63,58.3,0.76,0.97,78.6,0.80,0.00,36.7,200.4,101.0,2.43,0.73,0.00,0.24,0.52,35.3,33.9,95.9,0.56,Matches
351,Angelo Ogbonna\Angelo-Ogbonna,it ITA,DF,West Ham,30,1988,20.8,48.8,6.59,27.1,24.0,1.63,0.96,48.0,0.10,0.10,100.0,0.10,0.00,28.1,194.4,85.7,1.83,0.14,0.00,0.10,0.19,27.9,27.1,97.1,0.67,Matches
352,Stefano Okaka\Stefano-Okaka,it ITA,FW,Watford,28,1989,0.3,70.0,0.00,0.00,23.3,50.0,13.3,66.7,3.33,3.33,100.0,3.33,0.00,46.7,126.7,43.3,3.33,0.00,0.00,6.67,10.0,76.7,43.3,56.5,20.0,Matches
353,Shinji Okazaki\Shinji-Okazaki,jp JPN,FWMF,Leicester City,32,1986,3.2,48.4,0.00,3.75,25.0,21.9,4.38,48.4,1.56,4.06,38.5,1.88,0.31,35.3,100.9,32.8,0.94,0.63,0.31,3.13,2.81,60.9,36.3,59.5,11.6,Matches
354,Divock Origi\Divock-Origi,be BEL,FW,Liverpool,23,1995,4.1,43.2,0.49,4.88,18.5,23.9,6.10,42.4,1.95,3.66,53.3,2.20,0.00,33.7,188.8,108.5,6.59,1.22,2.20,2.93,2.44,46.8,31.0,66.1,7.80,Matches
355,Nicolás Otamendi\Nicolas-Otamendi,ar ARG,DF,Manchester City,30,1988,13.7,100.9,7.45,36.1,69.1,4.31,1.39,99.6,0.07,0.07,100.0,0.07,0.00,75.0,489.6,301.2,8.91,1.46,0.00,0.15,0.00,79.8,78.9,98.9,1.24,Matches
356,Alex Oxlade-Chamberlain\Alex-Oxlade-Chamberlain,eng ENG,MFFW,Liverpool,24,1993,0.2,95.0,0.00,5.00,70.0,25.0,5.00,95.0,5.00,5.00,100.0,5.00,0.00,80.0,410.0,200.0,15.0,5.00,0.00,10.0,0.00,95.0,80.0,84.2,15.0,Matches
357,Mesut Özil\Mesut-Ozil,de GER,MFFW,Arsenal,29,1988,19.3,69.2,0.47,5.65,35.6,34.6,3.68,65.6,0.93,1.61,58.1,0.98,0.05,58.1,340.0,171.0,9.90,3.78,0.57,2.07,1.97,68.9,57.3,83.2,9.64,Matches
358,Emerson Palmieri\Emerson-Palmieri,it ITA,DF,Chelsea,23,1994,7.4,80.9,2.30,19.9,35.0,33.9,2.84,72.2,1.35,1.89,71.4,1.49,0.14,56.2,341.6,225.0,10.5,3.11,0.95,0.54,1.62,61.4,57.0,93.0,3.65,Matches
359,Sokratis Papastathopoulos\Sokratis-Papastathopoulos,gr GRE,DF,Arsenal,30,1988,24.4,66.0,8.73,39.3,29.0,1.52,0.66,64.4,0.33,0.33,100.0,0.33,0.00,46.8,233.4,123.6,1.76,0.41,0.04,0.20,0.12,47.0,46.3,98.3,0.49,Matches
360,Callum Paterson\Callum-Paterson,sco SCO,FWMF,Cardiff City,23,1994,22.2,36.4,1.53,4.14,14.5,18.8,4.14,35.7,0.41,0.90,45.0,0.59,0.00,13.4,47.4,20.2,1.26,0.50,0.27,1.35,0.63,49.3,23.8,48.3,8.60,Matches
361,Rui Patrício\Rui-Patricio,pt POR,GK,Wolves,30,1988,37.0,24.7,23.1,24.6,0.08,0.00,0.00,15.7,0.00,0.00,,0.00,0.00,10.5,52.5,29.4,0.00,0.00,0.00,0.03,0.00,7.59,7.57,99.6,0.00,Matches
362,Pedro\Pedro,es ESP,FW,Chelsea,31,1987,19.8,68.2,1.06,8.08,28.5,36.1,5.76,67.1,1.92,2.78,69.1,1.92,0.15,58.6,292.5,141.1,8.18,2.12,0.96,1.36,1.46,66.4,56.7,85.3,9.90,Matches
363,Lee Peltier\Lee-Peltier,eng ENG,DF,Cardiff City,31,1986,17.2,34.2,3.95,11.5,15.9,7.73,0.23,28.1,0.23,0.23,100.0,0.23,0.00,12.4,32.0,11.6,0.52,0.29,0.06,0.35,0.23,13.7,11.5,83.8,0.29,Matches
364,Andreas Pereira\Andreas-Pereira,br BRA,MF,Manchester Utd,22,1996,6.7,64.2,1.94,15.2,37.9,15.8,0.45,62.4,1.49,2.24,66.7,1.49,0.00,50.6,208.5,94.6,3.43,1.19,0.30,1.04,1.94,51.5,46.0,89.3,3.28,Matches
365,Ricardo Pereira\Ricardo-Pereira,pt POR,DFFW,Leicester City,24,1993,34.7,71.0,2.94,19.2,34.6,22.1,2.33,62.3,1.79,2.74,65.3,2.07,0.00,45.9,224.0,142.6,6.74,2.45,0.72,1.27,1.50,46.2,40.6,87.8,3.37,Matches
366,Roberto Pereyra\Roberto-Pereyra,ar ARG,FWMF,Watford,27,1991,31.3,50.6,1.15,8.02,22.7,24.3,4.50,48.0,1.47,2.97,49.5,1.73,0.06,39.5,213.5,117.1,6.49,1.88,0.80,2.20,2.27,45.3,35.4,78.2,6.26,Matches
367,Ayoze Pérez\Ayoze-Perez,es ESP,FWMF,Newcastle Utd,25,1993,32.4,40.1,1.23,6.85,19.1,17.3,4.29,39.5,1.94,3.02,64.3,2.07,0.12,30.2,135.2,79.6,4.26,1.27,0.68,2.56,2.84,42.4,25.7,60.7,7.65,Matches
368,Lucas Pérez\Lucas-Perez,es ESP,FW,West Ham,29,1988,5.3,37.0,0.75,3.21,14.7,20.2,3.77,36.0,0.94,1.32,71.4,0.94,0.00,28.1,102.1,39.4,2.08,0.75,0.00,1.70,1.70,49.1,27.0,55.0,10.0,Matches
369,Jordan Pickford\Jordan-Pickford,eng ENG,GK,Everton,24,1994,38.0,35.5,30.6,35.1,0.39,0.00,0.00,24.4,0.00,0.00,,0.00,0.00,17.8,93.3,50.4,0.00,0.00,0.00,0.00,0.00,14.9,14.8,99.6,0.00,Matches
370,Paul Pogba\Paul-Pogba,fr FRA,MF,Manchester Utd,25,1993,33.4,77.9,1.59,11.7,45.6,26.0,3.62,76.5,1.80,2.84,63.2,1.86,0.00,63.3,283.9,156.5,7.16,2.07,0.54,2.22,2.31,70.1,62.1,88.6,8.26,Matches
371,Alex Pritchard\Alex-Pritchard,eng ENG,MFFW,Huddersfield,25,1993,23.1,56.0,0.43,4.20,26.5,28.4,3.72,53.1,1.43,2.90,49.3,1.69,0.09,42.9,183.3,84.5,4.81,1.77,0.91,2.34,2.34,56.0,38.8,69.3,8.87,Matches
372,Sebastian Prödl\Sebastian-Prodl,at AUT,DF,Watford,31,1987,0.1,30.0,0.00,20.0,10.0,0.00,0.00,30.0,0.00,0.00,,0.00,0.00,30.0,280.0,10.0,0.00,0.00,0.00,0.00,0.00,30.0,30.0,100.0,0.00,Matches
373,Davy Pröpper\Davy-Propper,nl NED,MF,Brighton,26,1991,28.3,54.0,1.77,12.3,33.2,12.0,1.48,53.5,1.27,1.84,69.2,1.41,0.00,37.6,189.3,87.5,3.53,0.99,0.07,1.20,0.99,39.2,34.5,88.0,2.86,Matches
374,Jason Puncheon\Jason-Puncheon,eng ENG,MF,Crystal Palace,32,1986,0.1,140.0,0.00,10.0,80.0,50.0,0.00,140.0,0.00,0.00,,0.00,0.00,100.0,600.0,140.0,10.0,0.00,0.00,10.0,10.0,110.0,80.0,72.7,10.0,Matches
375,Jason Puncheon\Jason-Puncheon,eng ENG,MFFW,Huddersfield,32,1986,4.2,63.1,1.19,8.33,34.3,25.2,1.19,59.0,1.90,3.10,61.5,1.90,0.00,46.7,256.9,103.8,6.19,3.10,0.00,1.90,1.67,54.3,40.7,75.0,5.71,Matches
376,Collin Quaner\Collin-Quaner,de GER,FWMF,Huddersfield,27,1991,0.4,50.0,0.00,2.50,17.5,35.0,0.00,50.0,0.00,0.00,,0.00,0.00,45.0,217.5,147.5,7.50,2.50,0.00,5.00,2.50,65.0,45.0,69.2,15.0,Matches
377,Domingos Quina\Domingos-Quina,pt POR,MF,Watford,18,1999,3.8,74.2,1.84,12.9,50.3,16.8,0.79,73.9,2.11,3.95,53.3,2.37,0.00,60.3,326.3,132.4,5.79,1.84,0.00,1.05,1.05,56.1,53.2,94.8,1.84,Matches
378,Joe Ralls\Joe-Ralls,eng ENG,MF,Cardiff City,24,1993,21.8,47.9,1.65,8.72,27.3,13.7,0.87,42.8,0.18,0.23,80.0,0.18,0.00,26.4,118.0,60.2,2.98,1.24,0.14,0.55,0.64,28.9,23.5,81.4,1.10,Matches
379,Aaron Ramsey\Aaron-Ramsey,wal WAL,MFFW,Arsenal,27,1990,14.8,65.6,0.74,8.24,35.1,27.0,5.20,64.1,0.81,1.42,57.1,0.95,0.07,54.4,261.1,135.5,6.28,2.57,0.34,2.43,2.36,64.4,52.0,80.7,9.93,Matches
380,Kayne Ramsey\Kayne-Ramsey,eng ENG,DF,Southampton,17,2000,1.0,27.0,6.00,17.0,10.0,0.00,0.00,24.0,0.00,0.00,,0.00,0.00,11.0,26.0,3.00,0.00,0.00,0.00,0.00,0.00,8.00,8.00,100.0,0.00,Matches
381,Marcus Rashford\Marcus-Rashford,eng ENG,FW,Manchester Utd,20,1997,25.9,43.6,0.85,3.67,17.4,25.5,6.37,41.1,1.85,3.47,53.3,2.01,0.19,33.1,148.5,84.1,4.75,1.39,1.00,2.86,2.47,51.7,32.9,63.5,10.5,Matches
382,Tim Ream\Tim-Ream,us USA,DF,Fulham,30,1987,22.7,53.7,5.81,26.4,28.8,0.93,0.09,52.9,0.26,0.31,85.7,0.26,0.00,33.7,150.3,87.9,2.07,0.13,0.00,0.04,0.13,34.1,33.5,98.1,0.09,Matches
383,Nathan Redmond\Nathan-Redmond,eng ENG,FWMF,Southampton,24,1994,36.3,45.9,0.77,5.07,18.7,26.7,4.52,45.0,2.95,4.88,60.5,3.20,0.25,38.3,226.3,134.5,7.22,2.23,1.96,2.37,2.07,49.8,33.9,68.1,8.71,Matches
384,Bobby Reid\Bobby-Reid,jm JAM,FWMF,Cardiff City,25,1993,15.8,31.5,1.27,4.18,14.2,15.1,3.61,30.2,1.46,1.96,74.2,1.58,0.00,22.8,88.6,42.6,2.28,0.57,0.44,2.22,2.03,38.9,21.4,55.0,7.41,Matches
385,Declan Rice\Declan-Rice,eng ENG,MF,West Ham,19,1999,33.4,55.4,2.16,15.4,37.1,6.56,0.78,54.5,0.75,0.99,75.8,0.75,0.00,36.7,208.3,89.6,3.08,0.87,0.09,0.30,0.60,34.4,32.3,93.7,0.66,Matches
386,Jazz Richards\Jazz-Richards,wal WAL,DFMF,Cardiff City,27,1991,1.5,30.0,2.67,9.33,16.7,5.33,0.00,24.0,0.00,0.00,,0.00,0.00,10.7,43.3,20.0,0.67,0.00,0.00,0.00,0.67,9.33,8.67,92.9,0.67,Matches
387,Richarlison\Richarlison,br BRA,FWMF,Everton,21,1997,29.6,45.6,1.22,5.41,19.5,24.6,5.64,45.3,1.39,2.70,51.3,1.69,0.07,34.6,188.0,108.0,5.78,1.79,1.08,3.61,2.77,50.4,31.9,63.3,9.90,Matches
388,Diego Rico\Diego-Rico,es ESP,DFMF,Bournemouth,25,1993,6.8,68.8,4.26,22.5,27.8,21.6,0.88,56.6,0.74,1.18,62.5,0.88,0.00,36.9,148.5,91.5,3.38,1.18,0.15,0.29,0.74,38.2,34.3,89.6,3.09,Matches
389,Sergio Rico\Sergio-Rico,es ESP,GK,Fulham,24,1993,29.0,34.4,31.1,34.4,0.03,0.00,0.00,23.0,0.00,0.00,,0.00,0.00,14.5,67.3,35.1,0.00,0.00,0.00,0.00,0.00,12.3,12.2,99.4,0.00,Matches
390,Matt Ritchie\Matt-Ritchie,sco SCO,DFMF,Newcastle Utd,28,1989,32.5,59.8,2.46,14.6,24.6,24.2,1.72,48.7,0.52,1.02,51.5,0.52,0.00,33.5,166.9,86.8,3.97,1.60,0.12,0.86,0.86,37.5,31.2,83.2,3.14,Matches
391,Andrew Robertson\Andrew-Robertson,sco SCO,DF,Liverpool,24,1994,35.7,86.9,2.27,21.0,43.0,29.2,2.89,77.8,0.84,1.23,68.2,0.90,0.03,61.8,271.7,165.3,6.25,2.61,0.48,0.92,0.81,65.2,60.4,92.6,4.51,Matches
392,Marcos Rojo\Marcos-Rojo,ar ARG,DF,Manchester Utd,28,1990,2.4,69.2,5.83,22.5,41.7,8.75,1.25,64.6,0.42,0.42,100.0,0.42,0.00,42.5,184.6,121.3,7.92,1.25,0.00,0.00,0.00,46.3,45.8,99.1,0.83,Matches
393,Oriol Romeu\Oriol-Romeu,es ESP,MF,Southampton,26,1991,23.7,58.1,3.08,15.2,38.3,8.02,0.42,57.5,0.51,0.59,85.7,0.51,0.00,35.5,149.8,83.0,3.12,1.35,0.04,0.34,0.68,35.2,32.3,91.6,0.97,Matches
394,Salomón Rondón\Salomon-Rondon,ve VEN,FW,Newcastle Utd,28,1989,28.9,41.3,1.45,3.77,20.3,19.5,5.29,40.0,0.69,1.49,46.5,0.83,0.14,26.1,92.7,40.6,2.28,0.93,0.62,3.60,2.94,61.2,30.9,50.4,10.4,Matches
395,Danny Rose\Danny-Rose,eng ENG,DFMF,Tottenham,28,1990,20.0,71.9,2.25,17.9,32.8,26.7,2.30,62.6,1.75,3.20,54.7,1.95,0.30,48.8,254.1,156.9,7.00,2.30,0.40,2.20,1.15,49.6,44.9,90.4,3.15,Matches
396,Aaron Rowe\Aaron-Rowe,eng ENG,FW,Huddersfield,17,2000,0.8,40.0,2.50,8.75,13.8,20.0,1.25,40.0,2.50,5.00,50.0,2.50,0.00,30.0,122.5,63.8,5.00,2.50,0.00,1.25,3.75,33.8,25.0,74.1,6.25,Matches
397,John Ruddy\John-Ruddy,eng ENG,GK,Wolves,31,1986,1.0,21.0,20.0,21.0,0.00,0.00,0.00,12.0,0.00,0.00,,0.00,0.00,9.00,37.0,17.0,0.00,0.00,0.00,0.00,0.00,7.00,7.00,100.0,0.00,Matches
398,Antonio Rüdiger\Antonio-Rudiger,de GER,DF,Chelsea,25,1993,31.9,86.6,7.37,40.2,51.0,2.38,0.75,84.7,0.13,0.19,66.7,0.16,0.03,64.1,335.5,221.1,6.11,0.56,0.00,0.09,0.16,66.2,65.2,98.4,0.53,Matches
399,Mathew Ryan\Mathew-Ryan,au AUS,GK,Brighton,26,1992,34.0,31.9,28.6,31.6,0.29,0.00,0.00,20.4,0.00,0.00,,0.00,0.00,14.4,84.3,49.7,0.00,0.00,0.00,0.00,0.00,11.7,11.6,99.5,0.00,Matches
400,Abdelhamid Sabiri\Abdelhamid-Sabiri,de GER,FW,Huddersfield,21,1996,0.5,28.0,0.00,8.00,18.0,6.00,0.00,26.0,0.00,0.00,,0.00,0.00,10.0,68.0,62.0,2.00,2.00,0.00,0.00,0.00,22.0,16.0,72.7,4.00,Matches
401,Romain Saïss\Romain-Saiss,ma MAR,MFDF,Wolves,28,1990,12.8,70.9,6.41,29.1,38.8,5.86,0.94,68.6,0.39,0.39,100.0,0.39,0.00,41.6,163.8,87.3,3.05,0.70,0.08,0.16,0.23,44.5,41.3,92.8,1.09,Matches
402,Bukayo Saka\Bukayo-Saka,eng ENG,FW,Arsenal,16,2001,0.1,0.00,0.00,0.00,0.00,0.00,0.00,0.00,0.00,0.00,,0.00,0.00,0.00,0.00,0.00,0.00,0.00,0.00,0.00,0.00,20.0,0.00,0.0,0.00,Matches
403,Mamadou Sakho\Mamadou-Sakho,fr FRA,DF,Crystal Palace,28,1990,26.8,57.7,8.02,32.1,28.1,1.01,0.45,56.3,0.41,0.41,100.0,0.41,0.00,37.3,176.8,98.2,1.94,0.19,0.00,0.19,0.22,35.2,34.7,98.4,0.45,Matches
404,Bakary Sako\Bakary-Sako,ml MLI,FWMF,Crystal Palace,30,1988,0.3,66.7,3.33,13.3,40.0,23.3,0.00,63.3,0.00,6.67,0.0,0.00,0.00,46.7,466.7,250.0,10.0,6.67,0.00,6.67,6.67,96.7,40.0,41.4,3.33,Matches
405,Mohamed Salah\Mohamed-Salah,eg EGY,FW,Liverpool,26,1992,36.1,46.0,0.17,1.72,14.8,32.5,8.92,43.7,2.19,3.85,56.8,2.38,0.22,38.6,178.1,107.6,6.84,1.55,1.72,2.99,3.38,59.2,36.0,60.9,14.2,Matches
406,Alexis Sánchez\Alexis-Sanchez,cl CHI,FWMF,Manchester Utd,29,1988,9.8,53.6,0.20,5.51,23.3,27.8,5.92,52.8,2.04,2.86,71.4,2.14,0.00,45.8,229.2,115.4,7.45,1.53,1.63,1.94,2.76,55.7,42.4,76.2,11.9,Matches
407,Carlos Sánchez\Carlos-Sanchez,co COL,MF,West Ham,32,1986,2.7,58.1,2.96,13.0,41.9,6.67,0.37,55.9,2.22,2.96,75.0,2.22,0.00,42.2,139.6,53.7,2.22,1.11,0.00,0.37,0.74,40.7,38.9,95.5,0.37,Matches
408,Davinson Sánchez\Davinson-Sanchez,co COL,DF,Tottenham,22,1996,21.6,76.8,8.29,41.0,37.9,1.81,0.74,75.7,0.00,0.05,0.0,0.00,0.00,51.5,238.2,115.7,2.55,0.23,0.00,0.14,0.32,54.1,53.3,98.6,0.60,Matches
409,Leroy Sané\Leroy-Sane,de GER,FW,Manchester City,22,1996,20.7,60.5,0.39,3.29,15.7,45.0,10.2,57.6,2.90,5.02,57.7,3.14,0.29,51.8,230.7,128.0,7.68,1.30,1.98,3.29,2.71,60.1,47.6,79.3,12.7,Matches
410,Fabian Schär\Fabian-Schar,ch SUI,DF,Newcastle Utd,26,1991,22.2,62.3,8.11,34.4,28.2,4.95,1.22,60.4,0.54,0.86,63.2,0.59,0.00,35.9,210.8,137.4,3.56,1.13,0.14,0.45,0.36,35.6,34.5,96.8,0.90,Matches
411,Christopher Schindler\Christopher-Schindler,de GER,DF,Huddersfield,28,1990,36.2,52.7,5.86,31.2,22.4,1.71,0.91,51.6,0.03,0.06,50.0,0.03,0.00,26.4,124.7,53.2,1.16,0.08,0.00,0.14,0.08,30.3,28.7,94.8,0.80,Matches
412,Jeffrey Schlupp\Jeffrey-Schlupp,gh GHA,MFFW,Crystal Palace,25,1992,18.6,47.5,1.77,11.0,25.5,14.9,3.44,47.0,1.40,2.10,66.7,1.51,0.05,32.8,156.1,81.4,3.71,1.40,0.54,1.40,1.88,39.5,31.5,79.8,5.75,Matches
413,Kasper Schmeichel\Kasper-Schmeichel,dk DEN,GK,Leicester City,31,1986,38.0,34.3,28.7,33.7,0.61,0.05,0.03,23.0,0.05,0.05,100.0,0.05,0.00,16.8,81.4,47.6,0.03,0.00,0.00,0.00,0.00,14.2,14.2,99.4,0.03,Matches
414,Morgan Schneiderlin\Morgan-Schneiderlin,fr FRA,MF,Everton,28,1989,9.3,68.8,2.69,16.8,45.8,8.49,0.43,68.2,0.75,0.86,87.5,0.75,0.00,47.3,172.2,56.5,1.83,0.22,0.11,0.43,0.75,47.6,45.4,95.3,1.18,Matches
415,André Schürrle\Andre-Schurrle,de GER,FWMF,Fulham,27,1990,18.2,45.0,1.04,6.37,20.2,21.3,2.42,44.0,1.48,2.97,50.0,1.65,0.11,33.5,155.4,77.3,4.73,1.48,0.38,2.58,1.76,45.2,32.1,71.0,6.92,Matches
416,Ken Sema\Ken-Sema,se SWE,FWMF,Watford,24,1993,8.4,44.5,0.71,5.48,21.8,21.0,4.52,43.7,2.62,4.88,53.7,2.62,0.12,34.0,162.3,73.9,4.52,1.19,1.19,1.55,3.45,42.9,31.7,73.9,6.90,Matches
417,Jean Seri\Jean-Seri,ci CIV,MF,Fulham,27,1991,24.9,77.6,2.45,15.3,46.7,19.3,0.64,71.7,0.64,0.84,76.2,0.64,0.00,53.6,208.5,106.1,3.94,1.00,0.04,1.08,1.29,60.2,54.9,91.3,2.65,Matches
418,Ryan Sessegnon\Ryan-Sessegnon,eng ENG,FWDF,Fulham,18,2000,25.6,44.7,2.15,10.8,19.5,17.5,3.55,40.8,1.25,2.54,49.2,1.37,0.12,31.2,141.3,89.8,4.65,1.37,0.86,1.84,2.11,39.5,26.8,67.9,6.29,Matches
419,Xherdan Shaqiri\Xherdan-Shaqiri,ch SUI,FWMF,Liverpool,26,1991,11.8,69.4,0.59,5.59,35.7,32.2,3.22,64.8,0.68,1.19,57.1,0.68,0.00,54.8,237.3,95.6,4.66,2.37,0.59,2.03,1.95,61.7,52.9,85.7,9.58,Matches
420,Luke Shaw\Luke-Shaw,eng ENG,DF,Manchester Utd,23,1995,28.8,78.6,3.82,19.6,40.8,22.8,1.84,68.0,0.97,1.35,71.8,1.04,0.00,50.1,227.1,127.0,6.08,2.29,0.45,0.66,0.59,50.6,47.6,94.2,2.50,Matches
421,Jonjo Shelvey\Jonjo-Shelvey,eng ENG,MF,Newcastle Utd,26,1992,10.5,73.3,1.81,18.0,42.1,18.1,1.05,65.0,1.33,1.62,82.4,1.43,0.00,46.2,205.1,109.4,4.86,1.81,0.48,0.67,0.29,48.5,44.8,92.3,2.00,Matches
422,Gylfi Sigurðsson\Gylfi-Sigurdsson,is ISL,MF,Everton,28,1989,34.6,46.6,0.69,5.12,21.0,23.0,3.06,41.4,1.10,1.79,61.3,1.21,0.00,31.6,130.3,59.1,3.03,1.36,0.23,1.62,1.36,39.1,28.8,73.6,6.30,Matches
423,Adrien Silva\Adrien-Silva,pt POR,MF,Leicester City,29,1989,1.0,90.0,2.00,10.0,64.0,19.0,0.00,87.0,0.00,0.00,,0.00,0.00,70.0,275.0,132.0,7.00,2.00,0.00,2.00,1.00,77.0,68.0,88.3,2.00,Matches
424,Bernardo Silva\Bernardo-Silva,pt POR,MFFW,Manchester City,23,1994,31.7,67.5,1.07,7.48,29.2,36.0,5.87,65.2,1.58,2.56,61.7,1.74,0.16,53.8,309.2,182.8,10.2,2.87,1.36,1.32,1.42,59.1,51.4,86.9,6.78,Matches
425,David Silva\David-Silva,es ESP,MF,Manchester City,32,1986,26.7,86.5,0.86,7.30,40.3,44.0,8.35,84.2,1.01,1.57,64.3,1.16,0.00,69.1,314.8,162.3,9.81,3.22,1.50,1.01,1.05,80.9,71.6,88.5,11.4,Matches
426,Xande Silva\Xande-Silva,pt POR,FW,West Ham,21,1997,0.2,45.0,0.00,0.00,20.0,25.0,15.0,45.0,0.00,0.00,,0.00,0.00,15.0,110.0,20.0,0.00,0.00,0.00,0.00,0.00,55.0,30.0,54.5,5.00,Matches
427,Danny Simpson\Danny-Simpson,eng ENG,DF,Leicester City,31,1987,3.2,61.6,6.56,25.6,31.6,7.81,0.31,50.3,0.00,0.00,,0.00,0.00,27.2,97.8,42.8,1.25,0.00,0.00,0.94,0.31,28.8,25.3,88.0,1.25,Matches
428,Jack Simpson\Jack-Simpson,eng ENG,DF,Bournemouth,21,1996,4.5,66.2,9.33,39.6,29.8,1.33,0.67,64.2,0.00,0.00,,0.00,0.00,36.4,253.6,133.6,0.89,0.22,0.00,0.22,0.22,38.4,38.0,98.8,0.67,Matches
429,Josh Sims\Josh-Sims,eng ENG,FWMF,Southampton,21,1997,2.4,31.3,0.83,9.17,9.58,15.4,3.75,30.8,1.25,1.67,75.0,1.25,0.00,23.3,115.0,64.6,2.92,0.42,0.83,1.25,3.75,46.3,18.8,40.5,6.67,Matches
430,Moussa Sissoko\Moussa-Sissoko,fr FRA,MF,Tottenham,28,1989,25.9,63.4,2.01,12.9,39.7,15.9,1.58,62.2,1.74,2.66,65.2,1.89,0.04,47.9,262.1,141.7,5.52,1.97,0.31,0.97,1.24,51.0,45.8,89.6,2.86,Matches
431,Oliver Skipp\Oliver-Skipp,eng ENG,MFFW,Tottenham,17,2000,2.4,67.5,2.50,20.0,39.2,12.9,0.83,65.8,0.83,1.25,66.7,1.25,0.00,48.3,160.8,70.4,1.25,0.42,0.00,0.83,1.25,47.5,45.8,96.5,0.83,Matches
432,Callum Slattery\Callum-Slattery,eng ENG,MF,Southampton,19,1999,1.2,45.8,1.67,8.33,29.2,12.5,3.33,45.8,0.83,1.67,50.0,0.83,0.00,28.3,102.5,40.8,1.67,2.50,0.00,3.33,0.83,37.5,24.2,64.4,2.50,Matches
433,Chris Smalling\Chris-Smalling,eng ENG,DF,Manchester Utd,28,1989,23.6,50.2,6.82,27.2,23.6,1.78,1.14,49.0,0.04,0.08,50.0,0.04,0.00,27.3,132.6,63.0,1.48,0.13,0.00,0.08,0.17,29.0,28.3,97.5,1.19,Matches
434,Adam Smith\Adam-Smith,eng ENG,DF,Bournemouth,27,1991,23.0,58.7,3.57,19.7,28.1,16.3,1.39,50.1,0.78,1.61,48.6,0.83,0.00,35.6,240.4,136.4,5.61,2.43,0.35,0.78,0.70,36.5,32.7,89.7,2.00,Matches
435,Tommy Smith\Tommy-Smith,eng ENG,DF,Huddersfield,26,1992,12.7,56.5,3.54,18.5,27.4,13.2,0.63,47.2,0.31,0.55,57.1,0.31,0.00,31.7,134.6,61.9,2.60,0.87,0.08,0.16,0.16,33.5,30.4,90.8,1.34,Matches
436,Robert Snodgrass\Robert-Snodgrass,sco SCO,MFFW,West Ham,30,1987,24.7,58.6,1.13,7.17,26.3,28.7,3.04,52.2,1.38,2.39,57.6,1.50,0.04,41.4,205.8,98.7,5.95,1.58,0.49,1.86,1.98,49.1,39.4,80.3,5.75,Matches
437,Cédric Soares\Cedric-Soares,pt POR,DF,Southampton,26,1991,16.6,58.7,4.46,17.7,24.3,18.9,0.84,50.7,0.54,0.84,64.3,0.54,0.00,35.1,157.5,70.2,3.73,1.02,0.06,0.72,0.54,35.4,31.9,90.0,1.69,Matches
438,Ramadan Sobhi\Ramadan-Sobhi,eg EGY,FW,Huddersfield,21,1997,0.9,65.6,1.11,4.44,21.1,43.3,4.44,62.2,3.33,5.56,60.0,3.33,0.00,52.2,171.1,70.0,5.56,0.00,1.11,3.33,7.78,70.0,46.7,66.7,12.2,Matches
439,Dominic Solanke\Dominic-Solanke,eng ENG,FW,Bournemouth,20,1997,3.9,44.9,3.08,6.15,21.3,20.8,6.15,44.6,2.31,3.59,64.3,2.31,0.00,32.6,159.2,77.9,4.36,1.28,0.77,3.08,4.10,54.1,30.5,56.4,12.8,Matches
440,Pape Souaré\Pape-Souare,sn SEN,DF,Crystal Palace,28,1990,0.0,4,0,0,3,1,0,4,0,0,,0,0,4,21,3,0,0,0,0,0,3,3,100.0,1,Matches
441,Çağlar Söyüncü\Caglar-Soyuncu,tr TUR,DF,Leicester City,22,1996,4.1,64.4,8.05,40.7,27.6,2.68,0.73,62.4,0.98,1.22,80.0,0.98,0.00,41.5,262.2,160.2,3.66,0.49,0.00,0.24,0.00,41.0,39.8,97.0,0.24,Matches
442,Julián Speroni\Julian-Speroni,ar ARG,GK,Crystal Palace,39,1979,1.0,41.0,40.0,41.0,0.00,0.00,0.00,25.0,0.00,0.00,,0.00,0.00,12.0,66.0,38.0,0.00,0.00,0.00,0.00,0.00,8.00,8.00,100.0,0.00,Matches
443,Junior Stanislas\Junior-Stanislas,eng ENG,MFFW,Bournemouth,28,1989,11.5,58.3,1.65,10.8,25.1,27.7,4.61,52.5,1.48,2.43,60.7,1.57,0.17,43.7,219.0,111.8,5.57,2.70,0.52,1.65,1.48,50.3,40.9,81.3,7.83,Matches
444,Dale Stephens\Dale-Stephens,eng ENG,MF,Brighton,29,1989,27.6,58.3,3.30,19.0,35.5,6.99,0.58,57.5,0.40,0.54,73.3,0.40,0.00,37.6,177.9,65.9,2.07,0.51,0.07,0.51,0.40,38.2,36.6,95.8,0.83,Matches
445,Jack Stephens\Jack-Stephens,eng ENG,DF,Southampton,24,1994,18.9,53.1,6.40,26.2,26.7,3.12,0.69,50.2,0.16,0.32,50.0,0.21,0.00,28.9,180.5,104.9,2.96,0.74,0.00,0.16,0.21,28.0,26.5,94.5,0.26,Matches
446,Raheem Sterling\Raheem-Sterling,eng ENG,FW,Manchester City,23,1994,30.8,57.3,0.16,2.50,18.5,40.2,9.55,56.1,2.79,4.61,60.6,2.95,0.23,51.4,240.1,145.4,8.93,2.21,2.27,1.95,3.41,60.0,47.2,78.6,11.5,Matches
447,John Stones\John-Stones,eng ENG,DF,Manchester City,24,1994,19.6,95.4,9.34,38.5,57.9,6.02,0.66,94.0,0.26,0.26,100.0,0.26,0.00,74.3,470.7,264.1,8.47,1.12,0.00,0.05,0.15,77.8,76.7,98.7,0.97,Matches
448,Daniel Sturridge\Daniel-Sturridge,eng ENG,FWMF,Liverpool,28,1989,5.7,45.1,0.18,1.58,23.9,22.8,4.21,45.1,0.88,1.05,83.3,0.88,0.00,37.0,154.0,68.1,4.21,2.28,0.53,2.28,2.81,58.2,37.0,63.6,12.1,Matches
449,Denis Suárez\Denis-Suarez,es ESP,FW,Arsenal,24,1994,0.8,60.0,1.25,11.3,36.3,18.8,0.00,57.5,3.75,7.50,50.0,3.75,0.00,53.8,358.8,223.8,10.0,2.50,0.00,2.50,6.25,58.8,47.5,80.9,6.25,Matches
450,Isaac Success\Isaac-Success,ng NGA,FWMF,Watford,22,1996,11.7,47.4,0.85,3.93,22.1,26.0,5.56,46.9,1.37,2.74,50.0,1.54,0.09,36.8,194.2,106.2,6.15,2.05,1.62,2.99,2.39,59.1,37.8,63.9,12.8,Matches
451,Ki Sung-yueng\Ki-Sung-yueng,kr KOR,MF,Newcastle Utd,29,1989,14.5,51.6,1.79,11.8,30.8,12.3,0.48,46.2,0.28,0.62,44.4,0.34,0.07,32.2,160.3,75.0,3.17,1.52,0.07,0.83,0.55,32.4,29.9,92.1,1.10,Matches
452,Andrew Surman\Andrew-Surman,eng ENG,MF,Bournemouth,31,1986,16.0,59.6,3.56,18.3,34.0,10.1,0.56,58.1,0.25,0.38,66.7,0.25,0.00,40.0,142.1,59.3,2.19,0.63,0.06,0.69,0.19,42.9,40.8,95.0,1.31,Matches
453,Sam Surridge\Sam-Surridge,eng ENG,FWDF,Bournemouth,20,1998,0.1,80.0,0.00,0.00,10.0,70.0,30.0,80.0,0.00,0.00,,0.00,0.00,40.0,210.0,110.0,10.0,0.00,0.00,0.00,0.00,120.0,70.0,58.3,40.0,Matches
454,Alexander Sørloth\Alexander-Sorloth,no NOR,FWMF,Crystal Palace,22,1995,2.1,42.4,0.95,4.76,14.8,25.2,9.05,42.4,0.48,0.95,50.0,0.48,0.00,23.3,127.1,81.9,3.81,1.43,0.00,4.76,0.95,51.4,29.0,56.5,10.0,Matches
455,Matt Targett\Matt-Targett,eng ENG,DFMF,Southampton,22,1995,13.2,63.2,3.41,15.2,24.2,25.9,2.35,49.5,0.15,0.53,28.6,0.15,0.00,32.6,123.7,64.1,2.95,1.14,0.53,0.45,0.53,37.8,32.0,84.8,3.86,Matches
456,James Tarkowski\James-Tarkowski,eng ENG,DF,Burnley,25,1992,34.3,47.3,8.92,24.8,22.2,2.22,1.28,46.8,0.20,0.32,63.6,0.26,0.00,20.6,113.0,55.5,1.55,0.09,0.00,0.32,0.17,22.0,20.5,93.4,1.25,Matches
457,Charlie Taylor\Charlie-Taylor,eng ENG,DF,Burnley,24,1993,36.0,59.7,5.31,20.1,27.1,16.1,0.33,47.4,1.14,2.03,56.2,1.19,0.06,31.6,192.3,87.7,4.22,1.42,0.11,0.69,0.92,29.6,28.0,94.5,0.89,Matches
458,Youri Tielemans\Youri-Tielemans,be BEL,MF,Leicester City,21,1997,12.1,64.5,1.98,9.92,37.3,21.5,1.65,63.0,1.07,1.65,65.0,1.07,0.08,50.5,211.3,119.7,5.29,1.57,0.17,1.16,1.40,54.9,48.5,88.4,5.79,Matches
459,James Tomkins\James-Tomkins,eng ENG,DF,Crystal Palace,29,1989,28.4,50.3,7.64,29.5,21.0,2.50,1.55,48.9,0.04,0.04,100.0,0.04,0.00,26.7,130.1,69.1,1.51,0.25,0.00,0.18,0.28,29.4,28.3,96.3,1.16,Matches
460,Lucas Torreira\Lucas-Torreira,uy URU,MF,Arsenal,22,1996,26.5,72.3,3.13,16.4,47.0,13.1,0.91,69.8,0.83,1.13,73.3,0.87,0.04,51.5,223.5,113.7,4.26,0.83,0.04,0.87,1.21,52.2,48.3,92.4,1.47,Matches
461,Cenk Tosun\Cenk-Tosun,tr TUR,FW,Everton,27,1991,11.8,33.6,0.25,2.03,13.6,20.3,5.42,32.5,0.59,1.53,38.9,0.76,0.00,23.2,83.7,35.0,1.61,0.59,0.51,3.31,1.36,46.9,24.2,51.6,12.0,Matches
462,Andros Townsend\Andros-Townsend,eng ENG,FWMF,Crystal Palace,27,1991,33.4,50.6,0.93,7.75,20.9,27.2,3.62,47.9,2.25,3.50,64.1,2.37,0.03,40.7,284.9,148.2,7.49,2.63,1.17,1.56,2.31,44.4,33.9,76.3,6.98,Matches
463,Adama Traoré\Adama-Traore,es ESP,FWDF,Wolves,22,1996,10.0,52.4,0.60,7.00,27.5,25.4,4.40,49.6,5.70,7.60,75.0,6.30,0.00,44.9,324.6,219.0,9.00,3.30,2.10,4.10,3.80,56.0,37.1,66.3,9.10,Matches
464,Mark Travers\Mark-Travers,ie IRL,GK,Bournemouth,19,1999,2.0,33.0,30.5,32.5,0.50,0.00,0.00,24.0,0.00,0.00,,0.00,0.00,12.0,54.5,33.5,0.00,0.00,0.00,0.00,0.00,11.0,11.0,100.0,0.00,Matches
465,Kieran Trippier\Kieran-Trippier,eng ENG,DF,Tottenham,27,1990,25.3,88.4,3.44,23.6,34.8,32.3,1.19,73.5,0.36,0.75,47.4,0.40,0.16,54.1,162.5,78.1,3.44,0.87,0.16,0.55,0.43,57.9,53.2,91.9,3.28,Matches
466,Antonio Valencia\Antonio-Valencia,ec ECU,DFMF,Manchester Utd,32,1985,5.2,69.2,1.54,14.4,41.0,19.0,0.38,60.8,0.58,0.96,60.0,0.58,0.00,47.1,257.5,148.7,6.73,2.88,0.38,0.00,0.38,49.8,46.9,94.2,1.54,Matches
467,Yan Valery\Yan-Valery,fr FRA,DFMF,Southampton,19,1999,19.0,45.4,2.37,12.7,18.5,17.9,1.47,38.0,1.16,2.42,47.8,1.37,0.05,24.1,141.6,77.8,4.63,1.37,0.47,1.47,1.47,25.6,20.3,79.2,2.21,Matches
468,Jamie Vardy\Jamie-Vardy,eng ENG,FW,Leicester City,31,1987,30.3,23.1,0.99,1.78,9.17,13.3,5.08,22.0,0.63,1.09,57.6,0.69,0.03,13.9,66.6,35.8,2.05,0.53,0.59,1.49,0.86,41.1,16.2,39.4,8.88,Matches
469,Jan Vertonghen\Jan-Vertonghen,be BEL,DF,Tottenham,31,1987,21.2,82.5,6.37,33.8,44.9,9.91,0.94,79.9,0.42,0.66,64.3,0.47,0.00,58.1,292.7,167.7,4.81,1.51,0.00,0.42,0.24,58.6,57.6,98.3,1.04,Matches
470,Jannik Vestergaard\Jannik-Vestergaard,dk DEN,DF,Southampton,25,1992,22.5,52.8,8.04,26.4,26.3,2.71,0.76,50.3,0.53,0.62,85.7,0.53,0.00,26.0,134.8,79.0,2.84,0.44,0.00,0.13,0.18,25.1,24.0,95.6,0.76,Matches
471,Luciano Vietto\Luciano-Vietto,ar ARG,FWMF,Fulham,24,1993,11.0,51.3,0.82,6.91,23.5,25.9,4.73,50.8,1.18,2.45,48.1,1.36,0.00,42.1,239.5,124.8,5.18,2.73,0.91,1.45,2.27,55.5,38.8,70.0,10.7,Matches
472,Rúben Vinagre\Ruben-Vinagre,pt POR,DFMF,Wolves,19,1999,7.9,65.9,2.53,16.8,30.6,24.2,2.03,56.2,1.77,2.78,63.6,1.77,0.38,44.4,321.6,210.6,8.48,2.28,1.01,1.65,2.03,45.2,38.4,84.9,3.80,Matches
473,Sam Vokes\Sam-Vokes,wal WAL,FW,Burnley,28,1989,10.2,35.9,1.76,2.65,17.5,16.4,4.51,35.4,0.29,0.49,60.0,0.29,0.00,13.5,38.4,10.3,0.49,0.20,0.10,3.24,0.88,50.7,30.0,59.2,9.22,Matches
474,Michel Vorm\Michel-Vorm,nl NED,GK,Tottenham,34,1983,2.0,33.0,30.0,33.0,0.00,0.00,0.00,28.5,0.00,0.00,,0.00,0.00,18.5,56.0,38.0,0.00,0.00,0.00,0.00,0.00,16.0,16.0,100.0,0.00,Matches
475,Matěj Vydra\Matej-Vydra,cz CZE,FWMF,Burnley,26,1992,3.5,36.9,1.71,5.14,16.6,18.6,4.00,36.0,0.86,2.29,37.5,0.86,0.00,24.0,70.3,29.4,2.00,1.14,0.00,5.43,1.71,47.1,24.9,52.7,9.71,Matches
476,Theo Walcott\Theo-Walcott,eng ENG,FWMF,Everton,29,1989,23.5,38.7,0.60,5.45,15.5,20.1,4.94,38.5,1.06,2.04,52.1,1.15,0.04,30.0,134.0,74.8,3.74,1.02,0.77,2.51,1.96,42.2,28.8,68.2,7.91,Matches
477,Kyle Walker\Kyle-Walker,eng ENG,DF,Manchester City,28,1990,30.9,93.7,2.78,19.4,56.6,24.4,1.17,86.6,0.74,1.10,67.6,0.81,0.00,71.0,341.6,171.7,6.21,2.82,0.39,0.61,0.65,70.4,68.9,97.8,1.42,Matches
478,Kyle Walker-Peters\Kyle-Walker-Peters,eng ENG,DF,Tottenham,21,1997,4.2,63.1,1.90,15.7,30.0,23.3,2.62,56.4,1.67,2.14,77.8,1.90,0.24,46.2,263.1,140.7,5.48,2.62,1.19,0.24,1.19,46.0,39.3,85.5,1.67,Matches
479,Aaron Wan-Bissaka\Aaron-Wan-Bissaka,eng ENG,DF,Crystal Palace,20,1997,34.8,60.3,4.89,23.7,24.3,16.0,1.12,50.6,2.16,2.93,73.5,2.24,0.11,33.6,182.8,112.4,5.26,2.10,0.49,1.03,1.03,29.6,26.8,90.7,1.49,Matches
480,Victor Wanyama\Victor-Wanyama,ke KEN,MF,Tottenham,27,1991,5.7,68.1,3.86,16.7,43.7,12.6,0.88,67.4,0.88,1.40,62.5,1.05,0.00,48.9,272.6,126.8,4.74,2.11,0.00,0.53,1.58,47.0,44.6,94.8,0.88,Matches
481,Danny Ward\Danny-Ward,eng ENG,FW,Cardiff City,26,1991,4.9,28.6,2.04,2.24,13.1,14.3,4.49,28.0,0.20,0.20,100.0,0.20,0.00,13.9,58.6,22.4,1.22,0.41,0.82,2.65,1.02,43.9,20.4,46.5,8.78,Matches
482,Joel Ward\Joel-Ward,eng ENG,DF,Crystal Palace,28,1989,6.1,54.3,6.07,23.0,23.1,11.1,0.98,44.9,0.33,0.66,50.0,0.33,0.00,25.1,124.4,60.5,2.30,1.15,0.16,0.33,0.82,25.1,23.0,91.5,1.80,Matches
483,Stephen Ward\Stephen-Ward,ie IRL,DF,Burnley,32,1985,2.5,68.8,4.80,20.0,34.4,18.0,0.80,57.6,0.80,1.20,66.7,0.80,0.00,40.4,218.8,138.0,5.60,2.40,0.40,0.00,0.00,39.2,38.0,96.9,0.80,Matches
484,James Ward-Prowse\James-Ward-Prowse,eng ENG,MFDF,Southampton,23,1994,21.6,52.5,3.06,10.6,21.6,22.3,1.85,44.1,0.28,0.56,50.0,0.32,0.00,27.4,108.5,45.9,2.41,0.93,0.14,0.97,0.74,36.5,27.6,75.5,4.07,Matches
485,Danny Welbeck\Danny-Welbeck,eng ENG,FWMF,Arsenal,27,1990,1.7,45.9,0.59,6.47,22.9,21.2,6.47,45.3,1.76,4.12,42.9,1.76,0.00,33.5,203.5,135.3,7.06,2.35,1.76,2.94,0.59,58.2,32.9,56.6,10.0,Matches
486,Ashley Westwood\Ashley-Westwood,eng ENG,MF,Burnley,28,1990,31.4,56.5,2.55,10.6,33.5,14.6,0.92,52.7,0.35,0.57,61.1,0.35,0.00,35.1,131.0,56.7,2.32,0.73,0.16,0.80,0.67,35.5,32.3,90.8,1.37,Matches
487,Connor Wickham\Connor-Wickham,eng ENG,FW,Crystal Palace,25,1993,0.7,44.3,1.43,5.71,12.9,27.1,14.3,42.9,0.00,0.00,,0.00,0.00,21.4,38.6,10.0,0.00,0.00,0.00,8.57,2.86,71.4,28.6,40.0,10.0,Matches
488,Georginio Wijnaldum\Georginio-Wijnaldum,nl NED,MF,Liverpool,27,1990,30.3,67.2,1.39,11.0,46.6,14.5,1.62,66.2,1.09,1.72,63.5,1.19,0.10,55.5,255.5,117.9,5.31,1.35,0.17,1.22,1.49,56.5,51.0,90.3,2.64,Matches
489,Danny Williams\Danny-Williams,us USA,MF,Huddersfield,29,1989,1.1,36.4,0.91,8.18,25.5,8.18,0.00,35.5,0.91,2.73,33.3,0.91,0.00,20.9,91.8,33.6,1.82,0.91,0.00,0.91,1.82,20.9,18.2,87.0,1.82,Matches
490,Willian\Willian,br BRA,FW,Chelsea,29,1988,23.3,72.9,0.60,6.61,28.8,43.3,5.11,66.3,1.59,2.66,59.7,1.76,0.00,57.6,342.4,202.7,11.8,3.26,2.15,1.80,2.19,66.6,55.6,83.4,9.91,Matches
491,Joe Willock\Joe-Willock,eng ENG,MF,Arsenal,18,1999,0.7,41.4,0.00,4.29,22.9,15.7,1.43,41.4,1.43,4.29,33.3,1.43,0.00,34.3,142.9,58.6,2.86,0.00,0.00,2.86,7.14,42.9,34.3,80.0,11.4,Matches
492,Ben Wilmot\Ben-Wilmot,eng ENG,MF,Watford,18,1999,0.3,46.7,13.3,30.0,13.3,3.33,0.00,43.3,0.00,0.00,,0.00,0.00,16.7,60.0,20.0,0.00,0.00,0.00,0.00,0.00,23.3,20.0,85.7,0.00,Matches
493,Jack Wilshere\Jack-Wilshere,eng ENG,MF,West Ham,26,1992,4.4,55.5,1.82,10.5,37.3,13.2,0.91,54.5,1.82,2.05,88.9,1.82,0.00,46.6,254.1,128.2,5.00,1.36,0.23,0.68,1.36,47.3,42.0,88.9,4.09,Matches
494,Callum Wilson\Callum-Wilson,eng ENG,FW,Bournemouth,26,1992,28.1,27.2,0.75,2.85,11.1,14.9,5.44,26.5,0.78,1.53,51.2,0.96,0.00,19.6,79.5,45.4,2.17,0.68,0.57,3.13,1.85,41.2,20.6,50.0,9.75,Matches
495,Harry Winks\Harry-Winks,eng ENG,MF,Tottenham,22,1996,17.7,86.5,2.43,18.5,60.6,15.0,0.85,84.7,0.90,1.30,69.6,1.02,0.06,70.2,399.3,192.4,7.01,2.66,0.34,0.96,1.19,70.8,68.0,96.0,1.53,Matches
496,Chris Wood\Chris-Wood,nz NZL,FW,Burnley,26,1991,28.8,32.5,0.90,2.99,13.8,16.9,4.86,32.1,0.49,0.80,60.9,0.52,0.00,18.3,47.1,18.7,0.97,0.31,0.17,3.68,1.70,53.8,25.2,46.8,11.1,Matches
497,Granit Xhaka\Granit-Xhaka,ch SUI,MFDF,Arsenal,25,1992,27.8,95.1,3.63,23.7,58.7,18.3,0.43,87.6,0.58,0.79,72.7,0.58,0.00,66.8,287.6,137.7,5.32,1.44,0.14,0.54,0.54,68.5,66.6,97.2,1.29,Matches
498,Andriy Yarmolenko\Andriy-Yarmolenko,ua UKR,FWMF,West Ham,28,1989,5.1,52.5,0.59,6.08,21.0,29.8,3.92,52.0,0.78,1.37,57.1,0.78,0.00,43.1,242.4,114.5,6.47,2.16,0.39,2.55,1.57,58.4,42.2,72.1,8.04,Matches
499,DeAndre Yedlin\DeAndre-Yedlin,us USA,DF,Newcastle Utd,25,1993,27.5,50.3,3.35,16.1,19.5,16.5,0.87,40.3,0.36,1.02,35.7,0.36,0.07,24.1,102.5,58.7,2.55,0.84,0.11,0.80,0.44,27.3,23.1,84.4,2.29,Matches
500,Maya Yoshida\Maya-Yoshida,jp JPN,DF,Southampton,29,1988,16.9,45.4,7.87,22.5,22.7,2.19,1.24,44.8,0.12,0.18,66.7,0.12,0.00,21.7,96.7,42.2,0.71,0.30,0.00,0.30,0.00,21.2,20.3,95.5,0.83,Matches
501,Ashley Young\Ashley-Young,eng ENG,DF,Manchester Utd,33,1985,28.5,76.2,3.93,20.4,36.8,22.8,0.84,59.4,0.77,1.33,57.9,0.81,0.11,45.0,212.4,119.6,4.46,1.05,0.28,0.67,0.67,44.3,41.6,93.8,2.04,Matches
502,Pablo Zabaleta\Pablo-Zabaleta,ar ARG,DF,West Ham,33,1985,23.2,60.8,5.04,17.7,27.9,17.6,1.34,51.1,0.43,0.60,71.4,0.43,0.04,33.2,144.5,75.5,3.53,0.95,0.22,0.56,0.65,35.1,30.8,87.6,2.50,Matches
503,Wilfried Zaha\Wilfried-Zaha,ci CIV,FW,Crystal Palace,25,1992,33.7,51.1,0.21,4.27,24.0,28.0,7.27,50.0,4.24,7.30,58.1,4.60,0.24,47.6,231.2,144.4,8.31,2.02,2.26,3.09,4.87,56.9,39.7,69.8,8.93,Matches
504,Andre-Frank Zambo Anguissa\Andre-Frank-Zambo-Anguissa,cm CMR,MF,Fulham,22,1995,16.9,76.2,3.25,19.1,51.1,11.7,0.59,75.3,1.83,2.43,75.6,1.95,0.00,57.4,258.3,130.8,5.86,1.72,0.12,1.01,2.54,55.7,52.5,94.3,1.12,Matches
505,Davide Zappacosta\Davide-Zappacosta,it ITA,DF,Chelsea,26,1992,1.4,78.6,5.00,24.3,35.0,24.3,4.29,66.4,2.86,4.29,66.7,2.86,0.00,53.6,288.6,123.6,6.43,1.43,2.14,1.43,0.71,55.0,50.0,90.9,2.14,Matches
506,Oleksandr Zinchenko\Oleksandr-Zinchenko,ua UKR,DF,Manchester City,21,1996,12.8,113.8,1.88,16.4,63.7,41.0,1.25,103.8,0.55,1.25,43.8,0.63,0.08,79.9,325.9,185.7,9.61,4.22,0.08,0.47,0.39,86.3,83.3,96.5,2.58,Matches
507,Kenneth Zohore\Kenneth-Zohore,dk DEN,FW,Cardiff City,24,1994,8.4,30.1,0.83,1.19,10.6,19.8,5.12,29.8,0.60,0.83,71.4,0.60,0.00,18.3,77.3,30.8,2.26,0.60,0.60,3.33,2.38,55.7,24.6,44.2,11.3,Matches
508,Kurt Zouma\Kurt-Zouma,fr FRA,DF,Everton,23,1994,29.0,60.2,5.86,29.1,32.4,2.93,1.28,58.5,0.14,0.24,57.1,0.17,0.00,35.8,207.8,115.7,3.14,0.62,0.03,0.28,0.38,37.6,35.9,95.5,1.00,Matches