Rk,Player,Nation,Pos,Squad,Age,Born,MP,Min,Mn/MP,Min%,90s,Starts,Mn/Start,Compl,Subs,Mn/Sub,unSub,PPM,onG,onGA,+/-,+/-90,On-Off,onxG,onxGA,xG+/-,xG+/-90,On-Off,Matches
1,Patrick van Aanholt\Patrick-van-Aanholt,nl NED,DF,Crystal Palace,27,1990,36,3195,89,93.4,35.5,1.01,89,0.93,0.00,,0.06,1.19,1.24,1.32,-0.08,-0.08,-0.48,1.29,1.25,0.04,+0.04,0.00,Matches
2,Adrián\Adrian,es ESP,GK,West Ham,31,1987,0,,,,,0,,0,0,,38,,,,,,,,,,,,Matches
3,Sergio Agüero\Sergio-Aguero,ar ARG,FW,Manchester City,30,1988,33,2459,75,71.9,27.3,1.14,78,0.29,0.07,27,0.04,2.61,2.64,0.55,2.09,+2.09,+0.68,2.21,0.69,1.51,+1.51,+0.10,Matches
4,Nathan Aké\Nathan-Ake,nl NED,DF,Bournemouth,23,1995,38,3411,90,99.7,37.9,1.00,90,0.98,0.00,,0.00,1.18,1.48,1.85,-0.37,-0.37,-0.37,1.40,1.47,-0.07,-0.07,+0.21,Matches
5,Marc Albrighton\Marc-Albrighton,eng ENG,FWMF,Leicester City,28,1989,27,1625,60,47.5,18.1,0.99,78,0.44,0.50,25,0.11,1.37,0.99,0.94,0.06,+0.06,-0.04,1.08,1.28,-0.19,-0.19,-0.70,Matches
6,Toby Alderweireld\Toby-Alderweireld,be BEL,DF,Tottenham,29,1989,34,2922,86,85.4,32.5,1.02,88,0.92,0.03,19,0.09,1.91,1.72,0.95,0.77,+0.77,+0.23,1.49,1.14,0.34,+0.34,+0.51,Matches
7,Trent Alexander-Arnold\Trent-Alexander-Arnold,eng ENG,DF,Liverpool,19,1998,29,2462,85,72.0,27.4,0.99,88,0.73,0.07,40,0.15,2.69,2.45,0.51,1.93,+1.94,+0.62,2.13,0.81,1.32,+1.32,+0.62,Matches
8,Alisson\Alisson,br BRA,GK,Liverpool,25,1992,38,3420,90,100.0,38.0,1.00,90,1.00,0.00,,0.00,2.55,2.34,0.58,1.76,+1.76,,1.94,0.79,1.15,+1.15,,Matches
9,Dele Alli\Dele-Alli,eng ENG,MFFW,Tottenham,22,1996,25,1825,73,53.4,20.3,1.08,81,0.49,0.15,13,0.00,1.72,1.58,1.03,0.54,+0.54,-0.42,1.47,1.04,0.43,+0.43,+0.35,Matches
10,Miguel Almirón\Miguel-Almiron,py PAR,FWMF,Newcastle Utd,24,1994,10,759,76,22.2,8.4,1.07,82,0.48,0.12,18,0.00,1.70,1.31,1.31,0.00,0.00,+0.20,1.38,1.10,0.29,+0.28,+0.82,Matches
11,Marcos Alonso\Marcos-Alonso,es ESP,DF,Chelsea,27,1990,31,2759,89,80.7,30.7,1.01,89,0.94,0.00,,0.03,1.97,1.69,0.91,0.78,+0.78,+0.78,1.58,0.92,0.66,+0.66,+0.23,Matches
12,Daniel Amartey\Daniel-Amartey,gh GHA,DF,Leicester City,23,1994,9,641,71,18.7,7.1,0.99,86,0.85,0.28,19,0.14,1.44,1.41,1.27,0.14,+0.14,+0.08,0.99,1.17,-0.18,-0.18,-0.45,Matches
13,Luke Amos\Luke-Amos,eng ENG,MF,Tottenham,21,1997,1,3,3,0.1,0.0,0,,0,1,2,1,3.00,0,0,0,0.00,-0.74,0.0,0.0,0.0,0.00,-0.27,Matches
14,Ethan Ampadu\Ethan-Ampadu,wal WAL,DFMF,Chelsea,17,2000,0,,,,,0,,0,0,,4,,,,,,,,,,,,Matches
15,Felipe Anderson\Felipe-Anderson,br BRA,FWMF,West Ham,25,1993,36,3043,85,89.0,33.8,1.07,85,0.74,0.00,,0.00,1.36,1.42,1.45,-0.03,-0.03,+0.45,1.33,1.61,-0.28,-0.28,+0.33,Matches
16,Florin Andone\Florin-Andone,ro ROU,FW,Brighton,25,1993,23,881,38,25.8,9.8,0.82,68,0.00,1.53,23,0.51,0.78,0.71,1.43,-0.71,-0.72,-0.08,0.82,1.26,-0.44,-0.44,+0.18,Matches
17,Michail Antonio\Michail-Antonio,eng ENG,FWMF,West Ham,28,1990,33,2103,64,61.5,23.4,0.94,84,0.64,0.47,24,0.09,1.30,1.24,1.28,-0.04,-0.04,+0.09,1.34,1.70,-0.36,-0.36,-0.13,Matches
18,Stuart Armstrong\Stuart-Armstrong,sco SCO,MFFW,Southampton,26,1992,29,1432,49,41.9,15.9,1.01,75,0.19,0.82,18,0.31,0.93,1.32,1.64,-0.31,-0.31,+0.36,1.09,1.52,-0.43,-0.43,-0.31,Matches
19,Marko Arnautović\Marko-Arnautovic,at AUT,FW,West Ham,29,1989,28,1990,71,58.2,22.1,1.09,78,0.45,0.18,28,0.00,1.43,1.27,1.54,-0.27,-0.27,-0.46,1.31,1.48,-0.16,-0.16,+0.36,Matches
20,Kepa Arrizabalaga\Kepa-Arrizabalaga,es ESP,GK,Chelsea,23,1994,36,3240,90,94.7,36.0,1.00,90,1.00,0.00,,0.06,1.89,1.69,1.08,0.61,+0.61,-0.39,1.56,0.96,0.61,+0.61,-0.05,Matches
21,Harry Arter\Harry-Arter,ie IRL,MF,Cardiff City,28,1989,25,1997,80,58.4,22.2,1.08,83,0.54,0.05,0,0.09,0.88,0.86,1.76,-0.90,-0.90,+0.05,1.04,1.43,-0.39,-0.39,+0.45,Matches
22,Christian Atsu\Christian-Atsu,gh GHA,MFFW,Newcastle Utd,26,1992,28,1493,53,43.7,16.6,0.90,85,0.48,0.78,17,0.30,1.14,1.14,1.08,0.06,+0.06,+0.39,0.87,1.42,-0.55,-0.55,-0.34,Matches
23,Pierre-Emerick Aubameyang\Pierre-Emerick-Aubameyang,ga GAB,FW,Arsenal,29,1989,36,2726,76,79.7,30.3,0.99,85,0.63,0.20,30,0.00,1.86,1.91,1.39,0.53,+0.53,-0.25,1.58,1.53,0.05,+0.05,-0.07,Matches
24,Serge Aurier\Serge-Aurier,ci CIV,DFMF,Tottenham,25,1992,8,564,71,16.5,6.3,0.95,81,0.63,0.32,40,1.75,2.25,1.90,1.43,0.48,+0.48,-0.31,1.33,1.17,0.16,+0.16,-0.13,Matches
25,Charlie Austin\Charlie-Austin,eng ENG,FW,Southampton,29,1989,25,983,39,28.7,10.9,1.01,67,0.00,1.28,18,0.92,0.80,1.01,1.56,-0.55,-0.55,-0.03,1.22,1.48,-0.26,-0.26,-0.01,Matches
26,Jordan Ayew\Jordan-Ayew,gh GHA,FW,Crystal Palace,26,1991,20,1181,59,34.5,13.1,1.07,80,0.23,0.46,10,1.22,1.40,1.15,0.99,0.15,+0.15,+0.31,1.08,1.16,-0.08,-0.08,-0.19,Matches
27,Floyd Ayité\Floyd-Ayite,tg TOG,FWMF,Fulham,29,1988,16,476,30,13.9,5.3,0.57,79,0.19,2.45,18,2.08,0.69,0.57,2.45,-1.89,-1.89,-0.76,0.91,1.91,-1.00,-1.00,-0.38,Matches
28,César Azpilicueta\Cesar-Azpilicueta,es ESP,DF,Chelsea,28,1989,38,3402,90,99.5,37.8,1.01,90,0.98,0.00,,0.00,1.89,1.67,1.03,0.63,+0.63,+0.63,1.54,0.92,0.62,+0.62,+1.92,Matches
29,Ryan Babel\Ryan-Babel,nl NED,FW,Fulham,31,1986,16,1251,78,36.6,13.9,1.08,82,0.36,0.07,25,0.00,0.75,1.01,1.87,-0.86,-0.86,+0.59,1.09,1.73,-0.64,-0.64,+0.05,Matches
30,Juninho Bacuna\Juninho-Bacuna,cw CUW,MFDF,Huddersfield,20,1997,21,1412,67,41.3,15.7,1.02,82,0.57,0.32,21,0.32,0.38,0.57,2.29,-1.72,-1.72,-0.51,0.66,1.96,-1.29,-1.29,-0.66,Matches
31,Leandro Bacuna\Leandro-Bacuna,cw CUW,MFDF,Cardiff City,26,1991,11,561,51,16.4,6.2,0.65,92,0.65,1.13,28,0.48,1.36,1.13,2.26,-1.13,-1.12,-0.24,1.13,1.76,-0.63,-0.63,-0.06,Matches
32,Eric Bailly\Eric-Bailly,ci CIV,DF,Manchester Utd,24,1994,12,638,53,18.7,7.1,1.13,78,0.70,0.56,5,1.27,2.17,1.97,1.83,0.14,+0.14,-0.18,1.24,1.34,-0.10,-0.10,-0.51,Matches
33,Leighton Baines\Leighton-Baines,eng ENG,DF,Everton,33,1984,6,375,63,11.0,4.2,1.19,72,0.71,0.24,14,5.95,1.50,1.90,1.43,0.48,+0.48,+0.30,0.93,1.50,-0.57,-0.57,-0.68,Matches
34,Fabián Balbuena\Fabian-Balbuena,py PAR,DF,West Ham,26,1991,23,2013,88,58.9,22.4,1.03,88,0.98,0.00,,0.18,1.35,1.47,1.43,0.04,+0.04,+0.30,1.38,1.51,-0.13,-0.13,+0.45,Matches
35,Leon Balogun\Leon-Balogun,ng NGA,DF,Brighton,30,1988,8,594,74,17.4,6.6,0.76,91,0.76,0.45,47,2.73,1.25,0.91,1.52,-0.61,-0.61,+0.06,0.95,1.38,-0.42,-0.43,+0.19,Matches
36,Sol Bamba\Sol-Bamba,ci CIV,DF,Cardiff City,33,1985,28,2474,88,72.3,27.5,1.02,88,0.98,0.00,,0.04,0.89,0.91,1.89,-0.98,-0.98,-0.22,1.05,1.56,-0.50,-0.50,+0.28,Matches
37,Phil Bardsley\Phil-Bardsley,sco SCO,DF,Burnley,33,1985,19,1670,88,48.8,18.6,1.02,88,0.91,0.00,,0.65,1.26,1.18,1.45,-0.27,-0.27,+0.66,1.17,1.54,-0.37,-0.36,+0.38,Matches
38,Ross Barkley\Ross-Barkley,eng ENG,MF,Chelsea,24,1993,27,1245,46,36.4,13.8,0.94,75,0.22,1.01,19,0.65,2.00,2.03,0.94,1.09,+1.08,+0.71,1.76,0.81,0.95,+0.95,+0.52,Matches
39,Ashley Barnes\Ashley-Barnes,eng ENG,FW,Burnley,28,1989,37,2388,65,69.8,26.5,0.98,85,0.60,0.42,17,0.04,1.00,1.32,1.55,-0.23,-0.23,+1.26,1.23,1.46,-0.23,-0.23,+1.07,Matches
40,Harvey Barnes\Harvey-Barnes,eng ENG,FWMF,Leicester City,20,1997,16,1004,63,29.4,11.2,0.98,79,0.27,0.45,27,0.09,1.25,1.70,1.43,0.27,+0.27,+0.27,1.71,0.99,0.72,+0.73,+0.78,Matches
41,Antonio Barreca\Antonio-Barreca,it ITA,DF,Newcastle Utd,23,1995,1,5,5,0.1,0.1,0.00,,0.00,10.0,4,20.0,0.00,0.00,0.00,0.00,0.00,+0.16,0.00,4.00,-4.00,-7.23,-6.88,Matches
42,Michy Batshuayi\Michy-Batshuayi,be BEL,FW,Crystal Palace,24,1993,11,750,68,21.9,8.3,1.08,79,0.12,0.24,19,0.36,2.00,2.17,1.33,0.84,+0.84,+1.14,1.52,1.20,0.31,+0.31,+0.34,Matches
43,Jan Bednarek\Jan-Bednarek,pl POL,DF,Southampton,22,1996,25,2151,86,62.9,23.9,1.00,88,0.96,0.04,35,0.04,1.20,1.34,1.55,-0.21,-0.21,+0.85,1.11,1.44,-0.33,-0.33,-0.20,Matches
44,Asmir Begović\Asmir-Begovic,ba BIH,GK,Bournemouth,31,1987,24,2160,90,63.2,24.0,1.00,90,1.00,0.00,,0.50,1.13,1.33,1.96,-0.63,-0.62,-0.70,1.38,1.42,-0.04,-0.04,+0.07,Matches
45,Héctor Bellerín\Hector-Bellerin,es ESP,DF,Arsenal,23,1995,19,1533,81,44.8,17.0,1.06,84,0.88,0.06,21,0.00,1.95,2.12,1.24,0.88,+0.88,+0.55,1.45,1.24,0.21,+0.21,+0.27,Matches
46,Joe Bennett\Joe-Bennett,eng ENG,DF,Cardiff City,28,1990,30,2639,88,77.2,29.3,1.02,88,0.96,0.00,,0.24,0.83,0.85,1.71,-0.85,-0.85,+0.30,1.10,1.67,-0.57,-0.57,+0.05,Matches
47,Ryan Bennett\Ryan-Bennett,eng ENG,DF,Wolves,28,1990,34,3060,90,89.5,34.0,1.00,90,1.00,0.00,,0.06,1.65,1.29,1.12,0.18,+0.18,+1.43,1.40,1.00,0.40,+0.40,+1.00,Matches
48,Josh Benson\Josh-Benson,eng ENG,MF,Burnley,18,1999,0,,,,,0,,0,0,,1,,,,,,,,,,,,Matches
49,Christian Benteke\Christian-Benteke,be BEL,FW,Crystal Palace,27,1990,16,814,51,23.8,9.0,1.00,80,0.33,0.78,14,0.44,1.25,1.22,1.44,-0.22,-0.22,-0.22,1.38,1.49,-0.11,-0.11,-0.20,Matches
50,Jóhann Berg Guðmundsson\Johann-Berg-Gudmundsson,is ISL,MFFW,Burnley,27,1990,29,1752,60,51.2,19.5,0.97,82,0.67,0.51,19,0.10,1.00,1.23,2.00,-0.77,-0.77,-0.34,1.18,1.81,-0.63,-0.63,-0.14,Matches
51,Bernard\Bernard,br BRA,FWMF,Everton,25,1992,34,2116,62,61.9,23.5,1.06,77,0.17,0.38,21,0.04,1.44,1.23,0.81,0.43,+0.43,+0.56,1.19,1.03,0.15,+0.15,+0.30,Matches
52,Bernardo\Bernardo,br BRA,DF,Brighton,23,1995,22,1752,80,51.2,19.5,0.97,89,0.92,0.15,19,0.62,1.09,0.87,1.49,-0.62,-0.62,+0.09,0.83,1.23,-0.40,-0.40,+0.37,Matches
53,Ryan Bertrand\Ryan-Bertrand,eng ENG,DF,Southampton,28,1989,24,2160,90,63.2,24.0,1.00,90,1.00,0.00,,0.04,0.96,1.08,1.75,-0.67,-0.67,-0.38,1.22,1.39,-0.17,-0.17,+0.22,Matches
54,Marcus Bettinelli\Marcus-Bettinelli,eng ENG,GK,Fulham,26,1992,7,630,90,18.4,7.0,1.00,90,1.00,0.00,,2.14,0.71,1.43,2.86,-1.43,-1.43,-0.24,1.10,2.29,-1.19,-1.19,-0.63,Matches
55,Philip Billing\Philip-Billing,dk DEN,MF,Huddersfield,22,1996,27,2188,81,64.0,24.3,1.03,85,0.78,0.08,28,0.04,0.52,0.62,1.77,-1.15,-1.15,+0.75,0.78,1.46,-0.67,-0.68,+0.64,Matches
56,Yves Bissouma\Yves-Bissouma,ml MLI,MF,Brighton,21,1996,28,1774,63,51.9,19.7,0.86,88,0.56,0.56,26,0.30,0.93,0.81,1.62,-0.81,-0.81,-0.32,0.85,1.54,-0.69,-0.69,-0.23,Matches
57,Willy Boly\Willy-Boly,ci CIV,DF,Wolves,27,1991,36,3167,88,92.6,35.2,1.02,88,0.97,0.00,,0.00,1.42,1.14,1.16,-0.03,-0.03,-0.74,1.31,1.06,0.25,+0.25,-0.56,Matches
58,Léo Bonatini\Leo-Bonatini,br BRA,FW,Wolves,24,1994,7,135,19,3.9,1.5,0.00,,0.00,4.67,18,8.00,1.43,2.67,0.00,2.67,+2.67,+2.75,3.80,0.60,3.13,+3.15,+2.97,Matches
59,Gaëtan Bong\Gaetan-Bong,cm CMR,DF,Brighton,30,1988,22,1808,82,52.9,20.1,0.95,90,0.95,0.15,32,0.80,0.77,0.90,1.69,-0.80,-0.80,-0.29,0.96,1.75,-0.79,-0.79,-0.45,Matches
60,Artur Boruc\Artur-Boruc,pl POL,GK,Bournemouth,38,1980,12,1080,90,31.6,12.0,1.00,90,1.00,0.00,,2.17,1.25,1.67,1.50,0.17,+0.17,+0.78,1.40,1.58,-0.18,-0.18,-0.17,Matches
61,Robbie Brady\Robbie-Brady,ie IRL,MFFW,Burnley,26,1992,16,720,45,21.1,8.0,0.75,85,0.25,1.25,21,0.63,0.69,1.00,2.00,-1.00,-1.00,-0.50,1.41,1.71,-0.30,-0.31,+0.32,Matches
62,Claudio Bravo\Claudio-Bravo,cl CHI,GK,Manchester City,35,1983,0,,,,,0,,0,0,,2,,,,,,,,,,,,Matches
63,Miguel Britos\Miguel-Britos,uy URU,DF,Watford,33,1985,3,185,62,5.4,2.1,0.95,86,0.48,0.48,13,4.29,0.33,0.95,2.38,-1.43,-1.46,-1.35,0.86,2.00,-1.14,-1.17,-1.06,Matches
64,David Brooks\David-Brooks,wal WAL,MFFW,Bournemouth,21,1997,30,2261,75,66.1,25.1,1.16,77,0.40,0.04,18,0.12,1.37,1.59,1.63,-0.04,-0.04,+0.97,1.43,1.35,0.09,+0.09,+0.45,Matches
65,Tyias Browning\Tyias-Browning,eng ENG,DF,Everton,24,1994,0,,,,,0,,0,0,,1,,,,,,,,,,,,Matches
66,Bruno\Bruno,es ESP,DF,Brighton,37,1980,14,1131,81,33.1,12.6,1.11,81,0.71,0.00,,0.71,1.14,0.79,1.35,-0.56,-0.56,+0.15,0.77,1.41,-0.64,-0.65,-0.10,Matches
67,Joe Bryan\Joe-Bryan,eng ENG,DF,Fulham,24,1993,28,2345,84,68.6,26.1,1.03,86,0.80,0.04,13,0.15,0.75,0.84,2.07,-1.23,-1.23,+0.03,1.08,1.61,-0.52,-0.53,+0.46,Matches
68,Dan Burn\Dan-Burn,eng ENG,DF,Brighton,26,1992,0,,,,,0,,0,0,,14,,,,,,,,,,,,Matches
69,Matt Butcher\Matt-Butcher,eng ENG,MF,Bournemouth,21,1997,0,,,,,0,,0,0,,1,,,,,,,,,,,,Matches
70,David Button\David-Button,eng ENG,GK,Brighton,29,1989,4,360,90,10.5,4.0,1.00,90,1.00,0.00,,6.25,1.00,1.00,1.25,-0.25,-0.25,+0.46,0.68,1.55,-0.88,-0.89,-0.34,Matches
71,Willy Caballero\Willy-Caballero,ar ARG,GK,Chelsea,36,1981,2,180,90,5.3,2.0,1.00,90,1.00,0.00,,18.0,2.00,1.00,0.00,1.00,+1.00,+0.39,1.10,0.45,0.65,+0.66,+0.05,Matches
72,Gary Cahill\Gary-Cahill,eng ENG,DF,Chelsea,32,1985,2,24,12,0.7,0.3,0.00,,0.00,6.67,11,26.7,2.00,0.00,0.00,0.00,0.00,-0.64,1.67,1.00,0.33,+0.43,-0.18,Matches
73,Tom Cairney\Tom-Cairney,sco SCO,MFFW,Fulham,27,1991,31,2194,71,64.2,24.4,0.98,82,0.53,0.29,32,0.04,0.68,0.90,2.09,-1.19,-1.19,+0.13,1.03,1.56,-0.53,-0.53,+0.39,Matches
74,Dominic Calvert-Lewin\Dominic-Calvert-Lewin,eng ENG,FW,Everton,21,1997,35,1784,51,52.2,19.8,0.96,85,0.66,0.81,11,0.10,1.40,1.46,1.31,0.15,+0.15,-0.12,1.29,1.11,0.18,+0.18,+0.29,Matches
75,Rafael Camacho\Rafael-Camacho,pt POR,DF,Liverpool,18,2000,1,1,1,0.0,0.0,0,,0,1,0,7,3.00,0,1,-1,-90.00,-91.79,0.0,0.2,-0.2,-16.29,-17.44,Matches
76,Víctor Camarasa\Victor-Camarasa,es ESP,MF,Cardiff City,24,1994,32,2569,80,75.1,28.5,1.09,83,0.70,0.04,7,0.04,0.88,0.88,1.86,-0.98,-0.98,-0.24,0.91,1.61,-0.70,-0.70,-0.47,Matches
77,Étienne Capoue\Etienne-Capoue,fr FRA,MF,Watford,30,1988,33,2944,89,86.1,32.7,1.01,89,0.92,0.00,,0.00,1.36,1.35,1.47,-0.12,-0.12,+0.44,1.22,1.39,-0.18,-0.18,-0.05,Matches
78,Andy Carroll\Andy-Carroll,eng ENG,FW,West Ham,29,1989,12,461,38,13.5,5.1,0.59,69,0.20,1.76,28,0.78,1.42,0.78,1.37,-0.59,-0.59,-0.59,1.35,1.63,-0.25,-0.26,+0.06,Matches
79,Lewis Cass\Lewis-Cass,eng ENG,DF,Newcastle Utd,18,2000,0,,,,,0,,0,0,,1,,,,,,,,,,,,Matches
80,Jonny Castro\Jonny-Castro,es ESP,DFMF,Wolves,24,1994,33,2771,84,81.0,30.8,1.04,86,0.71,0.03,14,0.03,1.45,1.20,1.27,-0.06,-0.06,-0.48,1.23,1.06,0.18,+0.18,-0.61,Matches
81,Craig Cathcart\Craig-Cathcart,nir NIR,DF,Watford,29,1989,36,3096,86,90.5,34.4,1.02,88,0.90,0.03,8,0.03,1.36,1.42,1.57,-0.15,-0.15,+0.41,1.28,1.42,-0.14,-0.14,+0.34,Matches
82,Ivan Cavaleiro\Ivan-Cavaleiro,pt POR,FWMF,Wolves,24,1993,23,693,30,20.3,7.7,0.78,68,0.00,2.21,17,1.17,1.48,1.30,1.43,-0.13,-0.13,-0.20,1.35,1.06,0.29,+0.29,-0.01,Matches
83,Petr Čech\Petr-Cech,cz CZE,GK,Arsenal,36,1982,7,584,83,17.1,6.5,1.08,83,0.92,0.00,,4.46,2.14,1.85,1.38,0.46,+0.46,-0.14,1.20,1.32,-0.12,-0.13,-0.23,Matches
84,Nathaniel Chalobah\Nathaniel-Chalobah,eng ENG,MFFW,Watford,23,1994,9,270,30,7.9,3.0,1.00,75,0.33,2.00,8,3.67,1.22,0.33,2.33,-2.00,-2.00,-1.97,1.10,1.60,-0.50,-0.49,-0.35,Matches
85,Calum Chambers\Calum-Chambers,eng ENG,MFDF,Fulham,23,1995,31,2588,83,75.7,28.8,1.01,89,0.97,0.07,11,0.07,0.84,0.90,1.81,-0.90,-0.90,+1.37,1.09,1.53,-0.45,-0.45,+0.91,Matches
86,Ben Chilwell\Ben-Chilwell,eng ENG,DF,Leicester City,21,1996,36,3240,90,94.7,36.0,1.00,90,1.00,0.00,,0.00,1.44,1.39,1.19,0.19,+0.19,+2.19,1.31,1.14,0.18,+0.18,-0.06,Matches
87,Tahith Chong\Tahith-Chong,nl NED,FW,Manchester Utd,18,1999,2,38,19,1.1,0.4,0.00,,0.00,5.00,18,2.50,2.00,0.00,2.50,-2.50,-2.37,-2.69,2.00,1.25,0.75,+0.77,+0.47,Matches
88,Hamza Choudhury\Hamza-Choudhury,eng ENG,MF,Leicester City,20,1997,9,595,66,17.4,6.6,1.06,82,0.61,0.30,9,0.61,1.89,0.76,0.61,0.15,+0.15,+0.09,0.92,1.27,-0.35,-0.35,-0.64,Matches
89,Andreas Christensen\Andreas-Christensen,dk DEN,DF,Chelsea,22,1996,8,617,77,18.0,6.9,0.87,90,0.87,0.29,38,3.19,1.75,2.32,1.01,1.30,+1.31,+0.83,1.75,0.90,0.86,+0.86,+0.30,Matches
90,Cyrus Christie\Cyrus-Christie,ie IRL,DF,Fulham,25,1992,28,1948,70,57.0,21.6,0.88,85,0.69,0.42,36,0.46,0.75,0.79,1.94,-1.16,-1.16,+0.19,0.98,1.64,-0.66,-0.66,+0.03,Matches
91,Ibrahima Cissé\Ibrahima-Cisse,gn GUI,MFFW,Fulham,24,1994,3,88,29,2.6,1.0,1.00,62,0.00,2.00,13,8.00,0.00,0.00,4.00,-4.00,-4.09,-2.93,0.50,2.90,-2.40,-2.49,-1.86,Matches
92,Ciaran Clark\Ciaran-Clark,ie IRL,DF,Newcastle Utd,28,1989,11,858,78,25.1,9.5,0.95,89,0.84,0.21,29,0.95,0.91,0.95,1.58,-0.63,-0.63,-0.63,0.82,1.54,-0.72,-0.72,-0.48,Matches
93,Tom Cleverley\Tom-Cleverley,eng ENG,MFFW,Watford,28,1989,13,478,37,14.0,5.3,0.75,86,0.57,1.70,15,0.38,1.62,1.13,1.32,-0.19,-0.19,0.00,1.02,2.13,-1.11,-1.11,-1.10,Matches
94,Nathaniel Clyne\Nathaniel-Clyne,eng ENG,DF,Bournemouth,27,1991,14,1143,82,33.4,12.7,1.02,84,0.71,0.08,46,0.08,1.07,1.42,1.97,-0.55,-0.55,-0.27,1.25,1.60,-0.34,-0.34,-0.41,Matches
95,Nathaniel Clyne\Nathaniel-Clyne,eng ENG,DF,Liverpool,27,1991,4,111,28,3.2,1.2,0.83,93,0.83,2.50,6,1.67,3.00,3.33,0.83,2.50,+2.43,+0.69,2.83,1.00,1.83,+1.78,+0.65,Matches
96,Conor Coady\Conor-Coady,eng ENG,DF,Wolves,25,1993,38,3420,90,100.0,38.0,1.00,90,1.00,0.00,,0.00,1.50,1.24,1.21,0.03,+0.03,,1.31,1.02,0.29,+0.30,,Matches
97,Joel Coleman\Joel-Coleman,eng ENG,GK,Huddersfield,22,1995,1,90,90,2.6,1.0,1.00,90,1.00,0.00,,7.00,1.00,1.00,1.00,0.00,0.00,+1.46,1.10,0.50,0.60,+0.61,+1.56,Matches
98,Séamus Coleman\Seamus-Coleman,ie IRL,DF,Everton,29,1988,29,2558,88,74.8,28.4,1.02,88,0.95,0.00,,0.11,1.62,1.51,1.06,0.46,+0.46,+0.98,1.24,1.14,0.10,+0.10,+0.24,Matches
99,Matthew Connolly\Matthew-Connolly,eng ENG,DF,Cardiff City,30,1987,0,,,,,0,,0,0,,1,,,,,,,,,,,,Matches
100,Lewis Cook\Lewis-Cook,eng ENG,MF,Bournemouth,21,1997,13,723,56,21.1,8.0,1.00,85,0.63,0.63,9,0.25,1.54,1.88,1.25,0.63,+0.62,+1.26,1.55,1.46,0.09,+0.09,+0.20,Matches
101,Steve Cook\Steve-Cook,eng ENG,DF,Bournemouth,27,1991,31,2786,90,81.5,31.0,1.00,90,0.97,0.00,,0.00,1.29,1.55,1.81,-0.26,-0.26,+0.59,1.41,1.45,-0.04,-0.04,+0.13,Matches
102,Jack Cork\Jack-Cork,eng ENG,MF,Burnley,29,1989,37,3312,90,96.8,36.8,1.01,90,0.98,0.00,,0.00,1.08,1.17,1.71,-0.54,-0.54,+1.96,1.12,1.62,-0.50,-0.50,+1.81,Matches
103,Hélder Costa\Helder-Costa,pt POR,FWMF,Wolves,24,1994,25,1341,54,39.2,14.9,1.07,72,0.13,0.60,21,0.87,1.32,1.07,1.28,-0.20,-0.20,-0.37,1.26,0.91,0.35,+0.35,+0.09,Matches
104,Conor Coventry\Conor-Coventry,ie IRL,MF,West Ham,18,2000,0,,,,,0,,0,0,,4,,,,,,,,,,,,Matches
105,Aaron Cresswell\Aaron-Cresswell,eng ENG,DF,West Ham,28,1989,20,1589,79,46.5,17.7,1.02,85,0.90,0.11,30,0.40,1.30,1.19,1.47,-0.28,-0.28,-0.38,1.18,1.45,-0.27,-0.27,+0.08,Matches
106,Peter Crouch\Peter-Crouch,eng ENG,FW,Burnley,37,1981,6,92,15,2.7,1.0,0.00,,0.00,6.00,14,3.00,0.17,3.00,3.00,0.00,0.00,+0.62,3.60,2.10,1.50,+1.46,+2.07,Matches
107,Greg Cunningham\Greg-Cunningham,ie IRL,DF,Cardiff City,27,1991,7,630,90,18.4,7.0,1.00,90,1.00,0.00,,2.86,0.86,0.71,2.43,-1.71,-1.71,-0.97,0.90,1.57,-0.67,-0.67,-0.11,Matches
108,Diogo Dalot\Diogo-Dalot,pt POR,DFMF,Manchester Utd,19,1999,16,1013,63,29.6,11.3,1.06,79,0.53,0.35,18,0.53,1.69,1.86,1.59,0.27,+0.27,-0.03,1.64,1.33,0.31,+0.31,0.00,Matches
109,Matty Daly\Matty-Daly,eng ENG,MF,Huddersfield,17,2001,2,75,38,2.2,0.8,0.00,,0.00,2.50,37,7.50,0.50,1.25,1.25,0.00,0.00,+1.45,0.87,1.50,-0.63,-0.61,+0.31,Matches
110,Loïc Damour\Loic-Damour,fr FRA,MF,Cardiff City,27,1991,2,23,12,0.7,0.3,0.00,,0.00,6.67,11,6.67,1.50,6.67,6.67,0.00,0.00,+0.93,3.33,3.33,0.00,-0.02,+0.56,Matches
111,Joe Daniel Tupper\Joe-Daniel-Tupper,eng ENG,GK,Crystal Palace,20,1997,0,,,,,0,,0,0,,1,,,,,,,,,,,,Matches
112,Charlie Daniels\Charlie-Daniels,eng ENG,DF,Bournemouth,31,1986,21,1585,75,46.3,17.6,0.97,88,0.85,0.23,24,0.23,1.29,1.42,1.93,-0.51,-0.51,-0.27,1.32,1.40,-0.09,-0.08,-0.03,Matches
113,Danilo\Danilo,br BRA,DF,Manchester City,27,1991,11,807,73,23.6,9.0,1.00,89,0.89,0.22,2,1.67,2.45,2.11,0.78,1.33,+1.34,-0.73,2.13,0.73,1.41,+1.41,-0.09,Matches
114,Scott Dann\Scott-Dann,eng ENG,DF,Crystal Palace,31,1987,10,663,66,19.4,7.4,0.95,90,0.95,0.41,10,1.22,2.00,2.16,1.35,0.81,+0.81,+1.08,1.66,1.22,0.45,+0.45,+0.50,Matches
115,Karl Darlow\Karl-Darlow,eng ENG,GK,Newcastle Utd,27,1990,0,,,,,0,,0,0,,23,,,,,,,,,,,,Matches
116,Matteo Darmian\Matteo-Darmian,it ITA,DF,Manchester Utd,28,1989,6,443,74,13.0,4.9,1.02,89,0.82,0.20,0,2.04,1.33,1.02,1.63,-0.61,-0.61,-1.03,1.08,1.31,-0.22,-0.22,-0.61,Matches
117,Ben Davies\Ben-Davies,wal WAL,DF,Tottenham,25,1993,27,1844,68,53.9,20.5,0.98,90,0.88,0.34,7,0.34,1.70,1.76,1.27,0.49,+0.49,-0.54,1.48,1.12,0.36,+0.36,+0.20,Matches
118,Tom Davies\Tom-Davies,eng ENG,MF,Everton,20,1998,16,980,61,28.7,10.9,0.92,89,0.83,0.55,16,1.83,1.63,1.19,1.74,-0.55,-0.55,-1.07,0.91,1.56,-0.65,-0.65,-0.97,Matches
119,Steven Davis\Steven-Davis,nir NIR,MF,Southampton,33,1985,3,98,33,2.9,1.1,0.91,92,0.91,1.82,3,6.36,0.67,0.91,3.64,-2.73,-2.76,-2.29,2.09,2.36,-0.27,-0.31,-0.06,Matches
120,Kevin De Bruyne\Kevin-De-Bruyne,be BEL,MF,Manchester City,27,1991,19,975,51,28.5,10.8,1.02,74,0.37,0.74,21,0.09,2.53,2.59,0.28,2.31,+2.31,+0.58,2.29,0.61,1.68,+1.67,+0.25,Matches
121,Troy Deeney\Troy-Deeney,eng ENG,FW,Watford,30,1988,32,2545,80,74.4,28.3,0.99,86,0.74,0.14,36,0.00,1.25,1.45,1.55,-0.11,-0.11,+0.31,1.27,1.49,-0.22,-0.22,-0.19,Matches
122,Jermain Defoe\Jermain-Defoe,eng ENG,DFFW,Bournemouth,35,1982,4,25,6,0.7,0.3,0.00,,0.00,13.3,5,53.3,1.50,0.00,6.67,-6.67,-7.20,-6.88,4.00,2.67,1.00,+1.22,+1.30,Matches
123,Steven Defour\Steven-Defour,be BEL,MF,Burnley,30,1988,6,448,75,13.1,5.0,1.20,75,0.40,0.00,,0.60,0.17,0.60,2.80,-2.20,-2.21,-1.85,0.60,2.42,-1.82,-1.83,-1.46,Matches
124,Fabian Delph\Fabian-Delph,eng ENG,DF,Manchester City,28,1989,11,725,66,21.2,8.1,0.99,84,0.62,0.37,19,0.74,2.18,2.72,1.11,1.60,+1.61,-0.36,2.25,0.95,1.30,+1.30,-0.23,Matches
125,Mousa Dembélé\Mousa-Dembele,be BEL,MF,Tottenham,31,1987,10,515,52,15.1,5.7,1.23,65,0.35,0.53,21,0.00,2.10,1.75,1.05,0.70,+0.70,-0.04,1.32,1.33,-0.02,-0.01,-0.33,Matches
126,Leander Dendoncker\Leander-Dendoncker,be BEL,MF,Wolves,23,1995,19,1467,77,42.9,16.3,1.04,85,0.80,0.12,13,0.49,1.79,1.35,1.29,0.06,+0.06,+0.06,1.18,1.13,0.04,+0.04,-0.44,Matches
127,Laurent Depoitre\Laurent-Depoitre,be BEL,FW,Huddersfield,29,1988,23,1068,46,31.2,11.9,0.84,82,0.50,1.09,19,0.34,0.35,0.25,1.93,-1.68,-1.69,-0.38,0.78,1.66,-0.87,-0.88,+0.04,Matches
128,Gerard Deulofeu\Gerard-Deulofeu,es ESP,FW,Watford,24,1994,30,2066,69,60.4,23.0,1.13,76,0.26,0.17,24,0.00,1.23,1.43,1.26,0.17,+0.17,+0.91,1.36,1.33,0.03,+0.03,+0.51,Matches
129,Fousseni Diabaté\Fousseni-Diabate,ml MLI,FW,Leicester City,22,1995,1,54,54,1.6,0.6,1.67,54,0.00,0.00,,3.33,1.00,0.00,1.67,-1.67,-1.67,-1.77,2.33,1.67,0.83,+0.77,+0.60,Matches
130,Adama Diakhaby\Adama-Diakhaby,fr FRA,FWMF,Huddersfield,22,1996,12,552,46,16.1,6.1,0.98,75,0.16,0.98,17,0.98,0.25,0.33,2.62,-2.30,-2.28,-1.03,0.62,1.87,-1.26,-1.25,-0.41,Matches
131,Mohamed Diamé\Mohamed-Diame,sn SEN,MF,Newcastle Utd,31,1987,29,2166,75,63.3,24.1,1.00,87,0.83,0.21,15,0.12,1.10,0.87,1.33,-0.46,-0.46,-0.82,0.90,1.42,-0.52,-0.52,-0.44,Matches
132,Grady Diangana\Grady-Diangana,eng ENG,FWMF,West Ham,20,1998,17,609,36,17.8,6.8,0.88,65,0.00,1.62,20,0.88,1.35,0.88,1.91,-1.03,-1.03,-1.16,1.29,1.84,-0.54,-0.55,-0.29,Matches
133,Eric Dier\Eric-Dier,eng ENG,MF,Tottenham,24,1994,20,1506,75,44.0,16.7,1.08,83,0.72,0.12,6,0.24,1.85,1.56,1.08,0.48,+0.48,-0.46,1.41,1.40,0.01,+0.01,-0.46,Matches
134,Lucas Digne\Lucas-Digne,fr FRA,DF,Everton,25,1993,35,2965,85,86.7,32.9,1.00,89,0.94,0.06,7,0.03,1.43,1.40,1.16,0.24,+0.24,+0.24,1.28,1.16,0.12,+0.13,+0.63,Matches
135,Virgil van Dijk\Virgil-van-Dijk,nl NED,DF,Liverpool,27,1991,38,3384,89,98.9,37.6,1.01,89,0.98,0.00,,0.00,2.55,2.37,0.59,1.78,+1.78,+1.78,1.94,0.80,1.14,+1.14,-0.25,Matches
136,Issa Diop\Issa-Diop,fr FRA,DF,West Ham,21,1997,33,2970,90,86.8,33.0,1.00,90,1.00,0.00,,0.15,1.55,1.45,1.30,0.15,+0.15,+1.75,1.34,1.53,-0.19,-0.19,+0.91,Matches
137,Matt Doherty\Matt-Doherty,ie IRL,DFMF,Wolves,26,1992,38,3144,83,91.9,34.9,1.00,87,0.83,0.09,30,0.00,1.50,1.17,1.17,0.00,0.00,-0.33,1.29,1.01,0.28,+0.28,-0.19,Matches
138,Abdoulaye Doucouré\Abdoulaye-Doucoure,fr FRA,MF,Watford,25,1993,35,3062,87,89.5,34.0,1.00,89,0.97,0.03,36,0.00,1.37,1.50,1.65,-0.15,-0.15,+0.36,1.34,1.42,-0.09,-0.08,+0.80,Matches
139,Kieran Dowell\Kieran-Dowell,eng ENG,FWMF,Everton,20,1997,0,,,,,0,,0,0,,3,,,,,,,,,,,,Matches
140,Luke Dreher\Luke-Dreher,eng ENG,MF,Crystal Palace,19,1998,1,1,1,0.0,0.0,0,,0,1,0,0,3.00,0,0,0,0.00,+0.05,0.1,0.3,-0.2,-19.74,-19.79,Matches
141,Danny Drinkwater\Danny-Drinkwater,eng ENG,MF,Chelsea,28,1990,0,,,,,0,,0,0,,1,,,,,,,,,,,,Matches
142,Anthony Driscoll-Glennon\Anthony-Driscoll-Glennon,eng ENG,DF,Burnley,18,1999,0,,,,,0,,0,0,,1,,,,,,,,,,,,Matches
143,Martin Dúbravka\Martin-Dubravka,sk SVK,GK,Newcastle Utd,29,1989,38,3420,90,100.0,38.0,1.00,90,1.00,0.00,,0.00,1.18,1.11,1.26,-0.16,-0.16,,1.02,1.38,-0.36,-0.36,,Matches
144,Shane Duffy\Shane-Duffy,ie IRL,DF,Brighton,26,1992,35,3087,88,90.3,34.3,1.02,88,0.99,0.00,,0.00,1.03,0.93,1.57,-0.64,-0.64,+0.17,0.95,1.52,-0.57,-0.57,+0.04,Matches
145,Demeaco Duhaney\Demeaco-Duhaney,eng ENG,DF,Huddersfield,19,1998,1,45,45,1.3,0.5,2.00,45,0.00,0.00,,2.00,3.00,0.00,0.00,0.00,0.00,+1.44,0.20,0.80,-0.60,-0.60,+0.31,Matches
146,Paul Dummett\Paul-Dummett,wal WAL,DF,Newcastle Utd,26,1991,26,1990,77,58.2,22.1,0.95,90,0.90,0.23,21,0.09,1.19,1.04,1.22,-0.18,-0.18,-0.06,0.86,1.39,-0.53,-0.53,-0.42,Matches
147,Lewis Dunk\Lewis-Dunk,eng ENG,DF,Brighton,26,1991,36,3151,88,92.1,35.0,1.03,88,0.97,0.00,,0.00,0.97,0.89,1.57,-0.69,-0.69,-0.35,0.87,1.52,-0.65,-0.65,-0.94,Matches
148,Erik Durm\Erik-Durm,de GER,DF,Huddersfield,26,1992,28,2055,73,60.1,22.8,0.92,87,0.83,0.31,32,0.09,0.39,0.66,1.97,-1.32,-1.31,+0.27,0.85,1.62,-0.77,-0.77,+0.35,Matches
149,Bruno Ecuele Manga\Bruno-Ecuele-Manga,ga GAB,DF,Cardiff City,30,1988,38,3376,89,98.7,37.5,0.99,90,0.99,0.03,45,0.00,0.89,0.91,1.79,-0.88,-0.88,+3.21,1.05,1.60,-0.55,-0.55,+2.49,Matches
150,Ederson\Ederson,br BRA,GK,Manchester City,24,1993,38,3420,90,100.0,38.0,1.00,90,1.00,0.00,,0.00,2.58,2.50,0.61,1.89,+1.89,,2.16,0.67,1.48,+1.49,,Matches
151,Harvey Elliot\Harvey-Elliot,eng ENG,MF,Fulham,15,2003,2,20,10,0.6,0.2,0.00,,0.00,10.0,9,15.0,0.00,0.00,5.00,-5.00,-4.50,-3.28,0.50,1.50,-1.00,-0.85,-0.18,Matches
152,Mohamed Elneny\Mohamed-Elneny,eg EGY,MF,Arsenal,26,1992,8,380,48,11.1,4.2,1.19,62,0.24,0.71,24,5.00,2.25,1.67,1.19,0.48,+0.47,-0.12,1.26,1.38,-0.12,-0.11,-0.20,Matches
153,Mohamed Elyounoussi\Mohamed-Elyounoussi,no NOR,MFFW,Southampton,23,1994,16,793,50,23.2,8.8,0.91,81,0.34,0.91,18,0.91,0.50,0.91,1.14,-0.23,-0.23,+0.39,1.37,1.06,0.32,+0.31,+0.73,Matches
154,Bright Enobakhare\Bright-Enobakhare,ng NGA,FWMF,Wolves,20,1998,0,,,,,0,,0,0,,1,,,,,,,,,,,,Matches
155,Christian Eriksen\Christian-Eriksen,dk DEN,MFFW,Tottenham,26,1992,35,2774,79,81.1,30.8,0.97,90,0.88,0.16,18,0.03,1.77,1.88,1.20,0.68,+0.68,-0.29,1.54,1.29,0.25,+0.25,-0.11,Matches
156,Neil Etheridge\Neil-Etheridge,ph PHI,GK,Cardiff City,28,1990,38,3420,90,100.0,38.0,1.00,90,1.00,0.00,,0.00,0.89,0.89,1.82,-0.92,-0.92,,1.05,1.63,-0.58,-0.58,,Matches
157,Jonny Evans\Jonny-Evans,nir NIR,DF,Leicester City,30,1988,24,1996,83,58.4,22.2,0.95,90,0.86,0.14,37,0.45,1.46,1.49,1.17,0.32,+0.32,+0.57,1.26,1.08,0.18,+0.18,-0.01,Matches
158,Timothy Eyoma\Timothy-Eyoma,eng ENG,DF,Tottenham,18,2000,0,,,,,0,,0,0,,1,,,,,,,,,,,,Matches
159,Łukasz Fabiański\Lukasz-Fabianski,pl POL,GK,West Ham,33,1985,38,3420,90,100.0,38.0,1.00,90,1.00,0.00,,0.00,1.37,1.37,1.45,-0.08,-0.08,,1.29,1.61,-0.31,-0.31,,Matches
160,Fabinho\Fabinho,br BRA,MF,Liverpool,24,1993,28,2017,72,59.0,22.4,0.94,90,0.85,0.31,18,0.27,2.54,2.50,0.63,1.88,+1.87,+0.27,2.04,0.81,1.23,+1.23,+0.19,Matches
161,Cesc Fàbregas\Cesc-Fabregas,es ESP,MF,Chelsea,31,1987,6,180,30,5.3,2.0,0.50,95,0.50,2.50,17,4.50,1.33,1.00,1.00,0.00,0.00,-0.67,1.80,0.65,1.15,+1.15,+0.57,Matches
162,Fabricio\Fabricio,es ESP,GK,Fulham,30,1987,2,180,90,5.3,2.0,1.00,90,1.00,0.00,,8.50,0.00,0.50,2.50,-2.00,-2.00,-0.81,1.10,1.80,-0.70,-0.70,-0.03,Matches
163,Marouane Fellaini\Marouane-Fellaini,be BEL,MF,Manchester Utd,30,1987,14,752,54,22.0,8.4,0.71,91,0.71,0.95,26,0.36,1.36,1.67,1.67,0.00,0.00,-0.37,1.51,1.21,0.30,+0.29,-0.02,Matches
164,Kiko Femenía\Kiko-Femenia,es ESP,DF,Watford,27,1991,29,2049,71,59.9,22.8,0.96,87,0.83,0.31,19,0.09,1.14,1.36,1.75,-0.39,-0.40,-0.53,1.31,1.60,-0.29,-0.29,-0.30,Matches
165,Federico Fernández\Federico-Fernandez,ar ARG,DF,Newcastle Utd,29,1989,19,1484,78,43.4,16.5,1.03,85,0.91,0.12,21,0.61,1.11,1.09,1.45,-0.36,-0.36,-0.36,0.97,1.53,-0.56,-0.56,-0.35,Matches
166,Fernandinho\Fernandinho,br BRA,MF,Manchester City,33,1985,29,2377,82,69.5,26.4,1.02,86,0.80,0.08,34,0.00,2.66,2.65,0.57,2.08,+2.08,+0.62,2.21,0.70,1.52,+1.51,+0.09,Matches
167,Roberto Firmino\Roberto-Firmino,br BRA,FWMF,Liverpool,26,1991,34,2607,77,76.2,29.0,1.07,82,0.52,0.10,21,0.00,2.50,2.21,0.52,1.69,+1.69,-0.30,1.99,0.75,1.24,+1.24,+0.39,Matches
168,Phil Foden\Phil-Foden,eng ENG,MF,Manchester City,18,2000,13,335,26,9.8,3.7,0.81,80,0.27,2.70,10,4.32,2.77,2.43,0.00,2.43,+2.42,+0.58,2.30,0.65,1.65,+1.65,+0.18,Matches
169,Fraser Forster\Fraser-Forster,eng ENG,GK,Southampton,30,1988,1,90,90,2.6,1.0,1.00,90,1.00,0.00,,4.00,0.00,0.00,3.00,-3.00,-3.00,-2.54,0.40,1.80,-1.40,-1.36,-1.14,Matches
170,Ben Foster\Ben-Foster,eng ENG,GK,Watford,35,1983,38,3420,90,100.0,38.0,1.00,90,1.00,0.00,,0.00,1.32,1.37,1.55,-0.18,-0.18,,1.26,1.43,-0.17,-0.17,,Matches
171,Timothy Fosu-Mensah\Timothy-Fosu-Mensah,nl NED,DF,Fulham,20,1998,12,793,66,23.2,8.8,1.14,73,0.68,0.23,31,0.45,0.67,1.14,2.05,-0.91,-0.91,+0.43,1.08,2.10,-1.02,-1.02,-0.45,Matches
172,Juan Foyth\Juan-Foyth,ar ARG,DF,Tottenham,20,1998,12,888,74,26.0,9.9,1.01,89,0.91,0.20,1,1.11,1.75,2.22,1.11,1.11,+1.11,+0.51,1.53,1.61,-0.08,-0.09,-0.48,Matches
173,Simon Francis\Simon-Francis,eng ENG,DF,Bournemouth,33,1985,17,1229,72,35.9,13.7,0.95,87,0.88,0.29,26,0.07,1.47,1.39,1.75,-0.36,-0.37,0.00,1.30,1.43,-0.13,-0.13,-0.10,Matches
174,Ryan Fraser\Ryan-Fraser,sco SCO,MFFW,Bournemouth,24,1994,38,3166,83,92.6,35.2,0.99,87,0.71,0.09,39,0.00,1.18,1.45,1.82,-0.37,-0.37,-0.02,1.45,1.44,0.01,+0.01,+1.02,Matches
175,Fred\Fred,br BRA,MF,Manchester Utd,25,1993,17,1041,61,30.4,11.6,1.12,76,0.43,0.34,14,1.29,1.65,1.55,1.64,-0.09,-0.09,-0.54,1.64,1.43,0.21,+0.21,-0.14,Matches
176,Ryan Fredericks\Ryan-Fredericks,eng ENG,DF,West Ham,25,1992,15,1086,72,31.8,12.1,0.99,84,0.83,0.25,25,0.66,1.20,0.99,1.32,-0.33,-0.33,-0.37,1.15,1.84,-0.69,-0.70,-0.56,Matches
177,Christian Fuchs\Christian-Fuchs,at AUT,DF,Leicester City,32,1986,3,207,69,6.1,2.3,0.87,91,0.87,0.43,26,12.6,1.00,0.87,2.17,-1.30,-1.30,-1.47,1.00,1.22,-0.22,-0.22,-0.42,Matches
178,Manolo Gabbiadini\Manolo-Gabbiadini,it ITA,FWMF,Southampton,26,1991,12,476,40,13.9,5.3,0.75,84,0.38,1.51,18,0.00,0.50,0.57,2.26,-1.70,-1.70,-1.37,1.21,1.72,-0.51,-0.52,-0.31,Matches
179,Sam Gallagher\Sam-Gallagher,eng ENG,FW,Southampton,22,1995,4,34,9,1.0,0.4,0.00,,0.00,10.0,8,10.0,1.50,2.50,2.50,0.00,0.00,+0.53,1.25,3.75,-2.50,-2.73,-2.50,Matches
180,Idrissa Gana Gueye\Idrissa-Gana-Gueye,sn SEN,MF,Everton,28,1989,33,2822,86,82.5,31.4,1.02,88,0.89,0.03,15,0.00,1.52,1.31,0.99,0.32,+0.32,+0.62,1.24,1.16,0.07,+0.07,+0.19,Matches
181,James Garner\James-Garner,eng ENG,MF,Manchester Utd,17,2001,1,1,1,0.0,0.0,0,,0,1,0,1,3.00,0,0,0,0.00,-0.29,0.0,0.0,0.0,-2.64,-2.95,Matches
182,Paulo Gazzaniga\Paulo-Gazzaniga,ar ARG,GK,Tottenham,26,1992,3,270,90,7.9,3.0,1.00,90,1.00,0.00,,10.7,2.00,1.33,0.67,0.67,+0.67,-0.08,1.77,1.03,0.73,+0.73,+0.51,Matches
183,David de Gea\David-de-Gea,es ESP,GK,Manchester Utd,27,1990,38,3420,90,100.0,38.0,1.00,90,1.00,0.00,,0.00,1.74,1.71,1.42,0.29,+0.29,,1.57,1.26,0.31,+0.31,,Matches
184,Rachid Ghezzal\Rachid-Ghezzal,dz ALG,FWMF,Leicester City,26,1992,19,743,39,21.7,8.3,0.96,63,0.24,1.33,22,0.84,0.89,0.72,1.57,-0.84,-0.85,-1.18,1.48,1.05,0.43,+0.44,+0.33,Matches
185,Morgan Gibbs-White\Morgan-Gibbs-White,eng ENG,MFFW,Wolves,18,2000,26,663,26,19.4,7.4,0.68,72,0.00,2.84,14,1.35,1.38,1.35,1.62,-0.27,-0.27,-0.37,1.78,1.32,0.46,+0.46,+0.20,Matches
186,Ben Gibson\Ben-Gibson,eng ENG,DF,Burnley,25,1993,1,62,62,1.8,0.7,1.43,62,0.00,0.00,,32.9,0.00,1.43,4.29,-2.86,-2.90,-2.34,1.43,1.71,-0.43,-0.43,+0.13,Matches
187,Olivier Giroud\Olivier-Giroud,fr FRA,FW,Chelsea,31,1986,27,847,31,24.8,9.4,0.74,77,0.21,2.13,15,0.96,1.96,2.45,0.53,1.91,+1.91,+1.70,1.90,0.84,1.06,+1.06,+0.60,Matches
188,André Gomes\Andre-Gomes,pt POR,MF,Everton,25,1993,27,1980,73,57.9,22.0,1.09,81,0.68,0.14,14,0.00,1.30,1.27,1.27,0.00,0.00,-0.50,1.26,1.25,0.02,+0.02,-0.05,Matches
189,Angel Gomes\Angel-Gomes,eng ENG,MFFW,Manchester Utd,17,2000,2,27,14,0.8,0.3,0.00,,0.00,6.67,13,3.33,1.50,0.00,3.33,-3.33,-3.33,-3.65,1.67,1.00,0.67,+0.52,+0.22,Matches
190,Heurelho Gomes\Heurelho-Gomes,br BRA,GK,Watford,37,1981,0,,,,,0,,0,0,,38,,,,,,,,,,,,Matches
191,Joe Gomez\Joe-Gomez,eng ENG,DF,Liverpool,21,1997,16,1063,66,31.1,11.8,1.02,85,0.93,0.34,12,0.17,2.63,1.44,0.34,1.10,+1.10,-0.96,1.81,0.88,0.92,+0.92,-0.33,Matches
192,Jon Gorenc Stanković\Jon-Gorenc-Stankovic,si SVN,MFDF,Huddersfield,22,1996,11,715,65,20.9,7.9,1.14,79,0.51,0.25,0,2.03,0.64,0.63,2.53,-1.90,-1.89,-0.59,0.67,1.86,-1.19,-1.18,-0.35,Matches
193,Dan Gosling\Dan-Gosling,eng ENG,MF,Bournemouth,28,1990,25,1739,70,50.8,19.3,0.98,84,0.78,0.31,22,0.05,1.28,1.66,1.71,-0.05,-0.05,+0.64,1.52,1.49,0.03,+0.03,+0.18,Matches
194,Karlan Grant\Karlan-Grant,eng ENG,FWMF,Huddersfield,20,1997,13,877,67,25.6,9.7,0.93,88,0.82,0.41,21,0.10,0.38,0.93,2.37,-1.44,-1.44,-0.02,0.88,1.93,-1.05,-1.05,-0.19,Matches
195,Lee Grant\Lee-Grant,eng ENG,GK,Manchester Utd,35,1983,0,,,,,0,,0,0,,9,,,,,,,,,,,,Matches
196,Andre Gray\Andre-Gray,eng ENG,FW,Watford,27,1991,29,1366,47,39.9,15.2,0.86,78,0.33,1.05,22,0.07,1.28,1.51,1.51,0.00,0.00,+0.31,1.22,1.58,-0.35,-0.35,-0.31,Matches
197,Demarai Gray\Demarai-Gray,eng ENG,FWMF,Leicester City,22,1996,34,1985,58,58.0,22.1,1.04,75,0.23,0.50,24,0.05,1.41,1.40,1.31,0.09,+0.09,+0.03,1.33,1.06,0.27,+0.27,+0.22,Matches
198,Mason Greenwood\Mason-Greenwood,eng ENG,FW,Manchester Utd,16,2001,3,117,39,3.4,1.3,0.77,92,0.77,1.54,13,0.00,1.00,0.77,1.54,-0.77,-0.77,-1.10,2.08,1.92,0.15,+0.15,-0.17,Matches
199,Pascal Groß\Pascal-Gross,de GER,MF,Brighton,27,1991,25,1864,75,54.5,20.7,1.16,77,0.43,0.05,10,0.00,0.80,0.92,1.50,-0.58,-0.58,+0.17,0.98,1.26,-0.28,-0.28,+0.66,Matches
200,Vicente Guaita\Vicente-Guaita,es ESP,GK,Crystal Palace,31,1987,20,1754,88,51.3,19.5,1.03,88,0.97,0.00,,0.87,1.70,1.64,1.18,0.46,+0.46,+1.06,1.47,1.19,0.27,+0.27,+0.47,Matches
201,Marc Guéhi\Marc-Guehi,eng ENG,DF,Chelsea,18,2000,0,,,,,0,,0,0,,1,,,,,,,,,,,,Matches
202,Mattéo Guendouzi\Matteo-Guendouzi,fr FRA,MF,Arsenal,19,1999,33,2149,65,62.8,23.9,0.96,84,0.79,0.42,22,0.17,1.73,1.97,1.34,0.63,+0.63,+0.13,1.49,1.45,0.04,+0.04,-0.07,Matches
203,İlkay Gündoğan\Ilkay-Gundogan,de GER,MF,Manchester City,27,1990,31,2137,69,62.5,23.7,0.97,87,0.72,0.34,17,0.04,2.55,2.53,0.63,1.90,+1.90,0.00,2.10,0.65,1.45,+1.44,-0.11,Matches
204,Angus Gunn\Angus-Gunn,eng ENG,GK,Southampton,22,1996,12,1080,90,31.6,12.0,1.00,90,1.00,0.00,,2.17,1.33,1.42,1.50,-0.08,-0.08,+0.65,1.16,1.37,-0.21,-0.20,+0.07,Matches
205,Aron Gunnarsson\Aron-Gunnarsson,is ISL,MF,Cardiff City,29,1989,28,2266,81,66.3,25.2,1.07,84,0.71,0.04,0,0.12,1.14,0.91,1.59,-0.67,-0.68,+0.73,1.03,1.47,-0.44,-0.44,+0.41,Matches
206,Viktor Gyökeres\Viktor-Gyokeres,se SWE,FWMF,Brighton,20,1998,0,,,,,0,,0,0,,3,,,,,,,,,,,,Matches
207,Florent Hadergjonaj\Florent-Hadergjonaj,xk KVX,DFMF,Huddersfield,24,1994,24,1842,77,53.9,20.5,0.93,87,0.78,0.24,37,0.44,0.46,0.54,1.76,-1.22,-1.22,+0.43,0.73,1.53,-0.80,-0.80,+0.22,Matches
208,Ben Hamer\Ben-Hamer,eng ENG,GK,Huddersfield,30,1987,7,552,79,16.1,6.1,1.15,79,0.98,0.00,,4.26,0.14,0.49,3.44,-2.95,-2.93,-1.81,0.85,2.56,-1.70,-1.70,-0.94,Matches
209,Kadeem Harris\Kadeem-Harris,eng ENG,MFFW,Cardiff City,25,1993,13,375,29,11.0,4.2,0.71,85,0.48,2.38,12,3.10,1.46,1.90,1.43,0.48,+0.48,+1.57,1.29,1.95,-0.67,-0.68,-0.11,Matches
210,Joe Hart\Joe-Hart,eng ENG,GK,Burnley,31,1987,19,1710,90,50.0,19.0,1.00,90,1.00,0.00,,1.00,0.63,0.89,2.16,-1.26,-1.26,-1.32,0.88,1.98,-1.11,-1.11,-1.10,Matches
211,Kortney Hause\Kortney-Hause,eng ENG,DF,Wolves,23,1995,0,,,,,0,,0,0,,11,,,,,,,,,,,,Matches
212,Isaac Hayden\Isaac-Hayden,eng ENG,MF,Newcastle Utd,23,1995,25,1859,74,54.4,20.7,1.01,86,0.72,0.19,14,0.19,1.52,1.30,1.21,0.10,+0.10,+0.56,1.08,1.35,-0.28,-0.27,+0.19,Matches
213,Eden Hazard\Eden-Hazard,be BEL,FW,Chelsea,27,1991,37,2923,79,85.5,32.5,0.98,87,0.74,0.15,25,0.00,1.86,1.60,1.08,0.52,+0.52,-0.74,1.53,0.93,0.60,+0.60,-0.07,Matches
214,Rhys Healey\Rhys-Healey,wal WAL,FWMF,Cardiff City,23,1994,3,52,17,1.5,0.6,0.00,,0.00,5.00,16,8.33,0.33,0.00,1.67,-1.67,-1.73,-0.82,1.67,0.50,1.17,+1.21,+1.82,Matches
215,Tom Heaton\Tom-Heaton,eng ENG,GK,Burnley,32,1986,19,1710,90,50.0,19.0,1.00,90,1.00,0.00,,1.00,1.47,1.47,1.42,0.05,+0.05,+1.32,1.33,1.34,-0.01,-0.01,+1.10,Matches
216,Jordan Henderson\Jordan-Henderson,eng ENG,MF,Liverpool,28,1990,32,1987,62,58.1,22.1,0.95,84,0.63,0.50,20,0.05,2.59,2.13,0.63,1.49,+1.49,-0.64,1.76,0.76,1.00,+1.00,-0.35,Matches
217,Jeff Hendrick\Jeff-Hendrick,ie IRL,MFFW,Burnley,26,1992,32,2063,64,60.3,22.9,1.09,80,0.52,0.31,11,0.26,0.97,1.05,1.92,-0.87,-0.87,-0.67,0.93,1.62,-0.69,-0.69,-0.34,Matches
218,Wayne Hennessey\Wayne-Hennessey,wal WAL,GK,Crystal Palace,31,1987,18,1576,88,46.1,17.5,0.97,90,0.97,0.06,45,0.86,0.83,0.91,1.49,-0.57,-0.57,-0.96,1.19,1.30,-0.11,-0.11,-0.28,Matches
219,Javier Hernández\Javier-Hernandez,mx MEX,FW,West Ham,30,1988,25,1334,53,39.0,14.8,0.95,71,0.14,0.74,31,0.27,1.12,1.82,1.35,0.47,+0.47,+0.90,1.34,1.69,-0.35,-0.35,-0.06,Matches
220,Ander Herrera\Ander-Herrera,es ESP,MF,Manchester Utd,28,1989,22,1403,64,41.0,15.6,1.03,79,0.58,0.38,24,0.19,2.05,2.12,1.15,0.96,+0.96,+1.14,1.69,1.20,0.49,+0.49,+0.31,Matches
221,Son Heung-min\Son-Heung-min,kr KOR,FWMF,Tottenham,26,1992,31,2039,66,59.6,22.7,1.01,82,0.31,0.35,19,0.09,1.87,2.03,0.97,1.06,+1.06,+0.80,1.61,1.15,0.46,+0.46,+0.47,Matches
222,Gonzalo Higuaín\Gonzalo-Higuain,ar ARG,FW,Chelsea,30,1987,14,1085,78,31.7,12.1,1.07,81,0.41,0.08,34,0.08,1.57,1.40,1.24,0.17,+0.17,-0.68,1.34,0.89,0.45,+0.45,-0.24,Matches
223,Wesley Hoedt\Wesley-Hoedt,nl NED,DF,Southampton,24,1994,13,1170,90,34.2,13.0,1.00,90,1.00,0.00,,0.31,0.62,0.77,1.85,-1.08,-1.08,-0.84,1.28,1.48,-0.19,-0.19,+0.09,Matches
224,Jonathan Hogg\Jonathan-Hogg,eng ENG,MF,Huddersfield,29,1988,29,2367,82,69.2,26.3,1.10,82,0.72,0.00,,0.08,0.52,0.49,1.67,-1.18,-1.18,+0.79,0.78,1.53,-0.75,-0.75,+0.51,Matches
225,Junior Hoilett\Junior-Hoilett,ca CAN,FWMF,Cardiff City,28,1990,32,2141,67,62.6,23.8,0.97,84,0.55,0.38,22,0.13,0.84,0.76,1.93,-1.18,-1.18,-0.68,0.95,1.75,-0.81,-0.81,-0.61,Matches
226,Rob Holding\Rob-Holding,eng ENG,DF,Arsenal,22,1995,10,807,81,23.6,9.0,1.00,84,0.89,0.11,51,0.44,2.20,2.56,1.11,1.44,+1.45,+1.14,1.53,1.34,0.19,+0.19,+0.16,Matches
227,José Holebas\Jose-Holebas,gr GRE,DF,Watford,34,1984,28,2393,85,70.0,26.6,1.02,88,0.94,0.04,12,0.11,1.32,1.39,1.47,-0.08,-0.08,+0.36,1.32,1.50,-0.18,-0.19,-0.06,Matches
228,Mason Holgate\Mason-Holgate,eng ENG,DF,Everton,21,1996,5,408,82,11.9,4.5,0.89,90,0.89,0.22,47,0.67,1.20,1.56,2.00,-0.44,-0.44,-0.74,0.96,1.51,-0.56,-0.56,-0.68,Matches
229,Nathan Holland\Nathan-Holland,eng ENG,MF,West Ham,20,1998,0,,,,,0,,0,0,,1,,,,,,,,,,,,Matches
230,Callum Hudson-Odoi\Callum-Hudson-Odoi,eng ENG,FW,Chelsea,17,2000,10,393,39,11.5,4.4,0.91,69,0.23,1.36,20,0.68,1.70,2.27,1.14,1.14,+1.15,+0.58,1.75,0.84,0.89,+0.90,+0.32,Matches
231,Will Hughes\Will-Hughes,eng ENG,MFFW,Watford,23,1995,32,2418,76,70.7,26.9,1.15,77,0.45,0.04,19,0.00,1.31,1.19,1.45,-0.26,-0.26,-0.26,1.24,1.27,-0.03,-0.03,+0.48,Matches
232,Emerson Hyndman\Emerson-Hyndman,us USA,MF,Bournemouth,22,1996,1,38,38,1.1,0.4,0.00,,0.00,2.50,37,7.50,1.00,2.50,5.00,-2.50,-2.37,-2.02,2.75,1.50,1.50,+1.37,+1.45,Matches
233,Pierre Højbjerg\Pierre-Hojbjerg,dk DEN,MF,Southampton,22,1995,31,2760,89,80.7,30.7,1.01,89,0.88,0.00,,0.07,1.03,1.27,1.89,-0.62,-0.62,-0.48,1.19,1.48,-0.30,-0.30,-0.24,Matches
234,Jordon Ibe\Jordon-Ibe,eng ENG,MFFW,Bournemouth,22,1995,19,797,42,23.3,8.9,1.01,73,0.22,1.12,14,1.35,0.74,1.24,2.58,-1.35,-1.36,-1.29,1.28,1.71,-0.43,-0.43,-0.48,Matches
235,Vicente Iborra\Vicente-Iborra,es ESP,MF,Leicester City,30,1988,8,229,29,6.7,2.5,1.20,60,0.40,2.00,10,3.60,1.50,1.20,1.60,-0.40,-0.39,-0.51,1.40,1.28,0.12,+0.11,-0.08,Matches
236,Kelechi Iheanacho\Kelechi-Iheanacho,ng NGA,FWMF,Leicester City,21,1996,30,941,31,27.5,10.5,0.86,75,0.29,2.00,13,0.57,1.10,1.62,1.52,0.10,+0.10,+0.02,1.50,1.13,0.37,+0.37,+0.27,Matches
237,Danny Ings\Danny-Ings,eng ENG,FW,Southampton,26,1992,24,1651,69,48.3,18.3,1.26,70,0.27,0.05,34,0.11,1.17,1.26,1.48,-0.22,-0.22,+0.60,1.34,1.10,0.23,+0.23,+0.94,Matches
238,Alex Iwobi\Alex-Iwobi,ng NGA,FWMF,Arsenal,22,1996,35,1970,56,57.6,21.9,1.00,73,0.32,0.59,28,0.05,1.83,2.01,1.46,0.55,+0.55,-0.07,1.58,1.46,0.12,+0.12,+0.13,Matches
239,José Izquierdo\Jose-Izquierdo,co COL,MFFW,Brighton,26,1992,15,795,53,23.2,8.8,1.02,78,0.45,0.68,16,0.34,1.40,1.25,1.14,0.11,+0.11,+1.00,0.76,1.36,-0.60,-0.61,-0.03,Matches
240,Phil Jagielka\Phil-Jagielka,eng ENG,DFMF,Everton,35,1982,7,331,47,9.7,3.7,1.08,78,0.81,0.81,6,1.62,2.00,1.35,0.54,0.81,+0.82,+0.67,1.27,0.68,0.59,+0.60,+0.62,Matches
241,Alireza Jahanbakhsh\Alireza-Jahanbakhsh,ir IRN,FWMF,Brighton,24,1993,19,1020,54,29.8,11.3,1.06,75,0.27,0.62,17,0.44,0.95,0.97,1.42,-0.44,-0.44,+0.31,0.71,1.55,-0.85,-0.84,-0.38,Matches
242,Daryl Janmaat\Daryl-Janmaat,nl NED,DF,Watford,29,1989,18,1520,84,44.4,16.9,1.01,87,0.89,0.06,45,0.24,1.56,1.54,1.30,0.24,+0.24,+0.76,1.15,1.30,-0.15,-0.15,+0.03,Matches
243,Vincent Janssen\Vincent-Janssen,nl NED,FW,Tottenham,24,1994,3,39,13,1.1,0.4,0.00,,0.00,7.50,12,5.00,1.33,2.50,0.00,2.50,+2.31,+1.59,1.00,1.00,-0.25,-0.18,-0.45,Matches
244,Carl Jenkinson\Carl-Jenkinson,eng ENG,DF,Arsenal,26,1992,3,166,55,4.9,1.8,1.11,68,0.56,0.56,30,1.11,2.00,3.89,1.67,2.22,+2.17,+1.67,3.11,1.50,1.61,+1.58,+1.59,Matches
245,Gabriel Jesus\Gabriel-Jesus,br BRA,FW,Manchester City,21,1997,29,1036,36,30.3,11.5,0.70,85,0.35,1.83,17,0.61,2.55,2.43,0.96,1.48,+1.48,-0.60,2.14,0.71,1.43,+1.43,-0.09,Matches
246,Raúl Jiménez\Raul-Jimenez,mx MEX,FW,Wolves,27,1991,38,3111,82,91.0,34.6,1.04,85,0.58,0.06,31,0.00,1.50,1.27,1.16,0.12,+0.12,+0.99,1.29,1.00,0.29,+0.29,-0.03,Matches
247,Stefan Johansen\Stefan-Johansen,no NOR,MF,Fulham,27,1991,12,417,35,12.2,4.6,0.87,72,0.22,1.74,16,1.30,0.42,0.43,2.61,-2.17,-2.16,-1.05,0.52,2.52,-2.00,-1.99,-1.50,Matches
248,Ryan John Giles\Ryan-John-Giles,eng ENG,MF,Wolves,18,2000,0,,,,,0,,0,0,,2,,,,,,,,,,,,Matches
249,Cameron John\Cameron-John,eng ENG,DF,Wolves,18,1999,0,,,,,0,,0,0,,1,,,,,,,,,,,,Matches
250,Ben Johnson\Ben-Johnson,eng ENG,DF,West Ham,18,2000,1,62,62,1.8,0.7,1.43,62,0.00,0.00,,0.00,0.00,0.00,1.43,-1.43,-1.45,-1.40,0.71,2.86,-2.00,-2.09,-1.81,Matches
251,Tyreke Johnson\Tyreke-Johnson,eng ENG,FW,Southampton,19,1998,1,1,1,0.0,0.0,0,,0,1,0,0,3.00,0,0,0,0.00,+0.53,0.0,0.0,0.0,-1.30,-1.05,Matches
252,Alfie Jones\Alfie-Jones,eng ENG,DFMF,Southampton,20,1997,0,,,,,0,,0,0,,2,,,,,,,,,,,,Matches
253,Curtis Jones\Curtis-Jones,eng ENG,MF,Liverpool,17,2001,0,,,,,0,,0,0,,1,,,,,,,,,,,,Matches
254,Phil Jones\Phil-Jones,eng ENG,DF,Manchester Utd,26,1992,18,1263,70,36.9,14.0,1.07,82,0.86,0.21,11,0.29,2.00,2.07,1.21,0.86,+0.86,+0.90,1.84,1.16,0.69,+0.69,+0.60,Matches
255,Jorginho\Jorginho,it ITA,MF,Chelsea,26,1991,37,3156,85,92.3,35.1,1.05,85,0.80,0.00,,0.03,1.95,1.62,1.05,0.57,+0.57,-0.79,1.50,0.95,0.55,+0.55,-0.84,Matches
256,Joselu\Joselu,es ESP,FW,Newcastle Utd,28,1990,16,596,37,17.4,6.6,0.76,86,0.61,1.67,15,1.82,0.75,0.45,2.27,-1.82,-1.81,-2.00,0.71,1.83,-1.12,-1.12,-0.92,Matches
257,Diogo Jota\Diogo-Jota,pt POR,FWMF,Wolves,21,1996,33,2355,71,68.9,26.2,1.11,78,0.34,0.15,24,0.00,1.61,1.22,1.11,0.11,+0.11,+0.28,1.26,0.98,0.28,+0.28,-0.04,Matches
258,Mathias Jørgensen\Mathias-Jorgensen,dk DEN,DF,Huddersfield,28,1990,24,2147,89,62.8,23.9,1.00,89,0.96,0.00,,0.29,0.33,0.46,1.59,-1.13,-1.13,+0.78,0.73,1.51,-0.78,-0.78,+0.33,Matches
259,Christian Kabasele\Christian-Kabasele,be BEL,DF,Watford,27,1991,21,1586,76,46.4,17.6,1.08,82,0.91,0.11,11,0.57,1.19,1.31,1.53,-0.23,-0.23,-0.08,1.34,1.54,-0.20,-0.20,-0.06,Matches
260,Elias Kachunga\Elias-Kachunga,cd COD,FWMF,Huddersfield,26,1992,20,1182,59,34.6,13.1,0.99,81,0.53,0.53,18,0.76,0.25,0.31,2.29,-1.98,-1.98,-0.85,0.69,1.99,-1.31,-1.30,-0.60,Matches
261,Sullay Kaikai\Sullay-Kaikai,eng ENG,FWMF,Crystal Palace,22,1995,0,,,,,0,,0,0,,2,,,,,,,,,,,,Matches
262,Aboubakar Kamara\Aboubakar-Kamara,fr FRA,FWMF,Fulham,23,1995,13,693,53,20.3,7.7,0.65,87,0.39,1.04,32,0.52,0.69,0.65,2.21,-1.56,-1.56,-0.40,1.44,1.61,-0.17,-0.17,+0.63,Matches
263,Harry Kane\Harry-Kane,eng ENG,FW,Tottenham,25,1993,28,2424,87,70.9,26.9,1.00,89,0.86,0.04,16,0.00,1.86,1.86,1.15,0.71,+0.71,-0.11,1.48,1.22,0.26,+0.26,-0.03,Matches
264,N'Golo Kanté\NGolo-Kante,fr FRA,MF,Chelsea,27,1991,36,3092,86,90.4,34.4,1.05,86,0.93,0.00,,0.03,1.89,1.66,1.10,0.55,+0.55,-0.82,1.53,0.96,0.57,+0.57,-0.44,Matches
265,Loris Karius\Loris-Karius,de GER,GK,Liverpool,25,1993,0,,,,,0,,0,0,,1,,,,,,,,,,,,Matches
266,Beram Kayal\Beram-Kayal,il ISR,MF,Brighton,30,1988,18,940,52,27.5,10.4,0.87,85,0.67,0.87,20,1.83,1.22,0.77,1.63,-0.87,-0.86,-0.28,0.58,1.82,-1.25,-1.24,-0.91,Matches
267,Michael Keane\Michael-Keane,eng ENG,DF,Everton,25,1993,33,2969,90,86.8,33.0,1.00,90,0.97,0.00,,0.06,1.48,1.52,1.18,0.33,+0.33,+0.93,1.21,1.23,-0.02,-0.02,-0.47,Matches
268,Neeskens Kebano\Neeskens-Kebano,cd COD,FWMF,Fulham,26,1992,7,108,15,3.2,1.2,0.00,,0.00,5.83,14,11.7,0.00,0.00,2.50,-2.50,-2.50,-1.30,0.42,1.83,-1.42,-1.43,-0.78,Matches
269,Naby Keïta\Naby-Keita,gn GUI,MF,Liverpool,23,1995,25,1390,56,40.6,15.4,1.04,78,0.32,0.58,17,0.45,2.68,2.34,0.52,1.82,+1.81,+0.08,2.03,0.73,1.29,+1.29,+0.24,Matches
270,Martin Kelly\Martin-Kelly,eng ENG,DF,Crystal Palace,28,1990,13,1111,85,32.5,12.3,0.98,90,0.98,0.08,30,1.71,1.31,1.38,1.71,-0.33,-0.32,-0.40,1.32,1.60,-0.28,-0.28,-0.48,Matches
271,Kenedy\Kenedy,br BRA,MFFW,Newcastle Utd,22,1996,25,1348,54,39.4,15.0,0.93,83,0.47,0.73,17,0.20,1.16,0.93,1.20,-0.27,-0.27,-0.18,1.03,1.45,-0.42,-0.42,-0.10,Matches
272,Jonjoe Kenny\Jonjoe-Kenny,eng ENG,DF,Everton,21,1997,10,791,79,23.1,8.8,0.91,90,0.80,0.23,37,0.68,0.90,0.91,1.70,-0.80,-0.80,-1.31,1.00,1.33,-0.34,-0.34,-0.50,Matches
273,Max Kilman\Max-Kilman,eng ENG,DF,Wolves,21,1997,1,1,1,0.0,0.0,0,,0,1,0,5,3.00,0,0,0,0.00,-0.03,0.0,0.0,0.0,0.00,-0.30,Matches
274,Joshua King\Joshua-King,no NOR,FW,Bournemouth,26,1992,35,2961,85,86.6,32.9,1.03,87,0.61,0.03,16,0.00,1.20,1.46,1.73,-0.27,-0.27,+0.71,1.31,1.40,-0.09,-0.09,-0.15,Matches
275,Josh Knight\Josh-Knight,eng ENG,DFMF,Leicester City,20,1997,0,,,,,0,,0,0,,1,,,,,,,,,,,,Matches
276,Anthony Knockaert\Anthony-Knockaert,fr FRA,FWMF,Brighton,26,1991,30,1837,61,53.7,20.4,0.88,83,0.49,0.59,29,0.20,0.80,0.98,1.86,-0.88,-0.88,-0.48,0.91,1.66,-0.74,-0.74,-0.35,Matches
277,Ali Koiki\Ali-Koiki,eng ENG,DF,Burnley,17,2000,0,,,,,0,,0,0,,2,,,,,,,,,,,,Matches
278,Sead Kolašinac\Sead-Kolasinac,ba BIH,DF,Arsenal,25,1993,24,1887,79,55.2,21.0,1.05,84,0.76,0.10,23,0.24,1.71,1.76,1.38,0.38,+0.38,-0.44,1.48,1.46,0.02,+0.03,-0.09,Matches
279,Vincent Kompany\Vincent-Kompany,be BEL,DF,Manchester City,32,1986,17,1224,72,35.8,13.6,0.96,89,0.74,0.29,17,0.66,2.88,2.65,0.51,2.13,+2.13,+0.37,2.24,0.61,1.63,+1.63,+0.22,Matches
280,Terence Kongolo\Terence-Kongolo,nl NED,DF,Huddersfield,24,1994,32,2716,85,79.4,30.2,1.06,85,0.86,0.00,,0.07,0.44,0.66,2.15,-1.49,-1.49,-0.34,0.75,1.73,-0.97,-0.97,-0.32,Matches
281,Laurent Koscielny\Laurent-Koscielny,fr FRA,DF,Arsenal,32,1985,17,1331,78,38.9,14.8,0.88,89,0.81,0.27,45,0.14,1.53,1.82,1.55,0.27,+0.27,-0.51,1.62,1.52,0.10,+0.10,+0.05,Matches
282,Cheikhou Kouyaté\Cheikhou-Kouyate,sn SEN,MF,Crystal Palace,28,1989,31,1899,61,55.5,21.1,1.00,83,0.62,0.47,15,0.14,1.26,1.18,1.37,-0.19,-0.19,-0.31,1.21,1.26,-0.05,-0.05,-0.22,Matches
283,Mateo Kovačić\Mateo-Kovacic,hr CRO,MF,Chelsea,24,1994,32,1735,54,50.7,19.3,1.09,72,0.10,0.57,21,0.21,1.94,1.35,0.98,0.36,+0.36,-0.54,1.36,0.96,0.39,+0.39,-0.45,Matches
284,Rajiv van La Parra\Rajiv-van-La-Parra,nl NED,MFFW,Huddersfield,27,1991,5,405,81,11.8,4.5,1.11,81,0.67,0.00,,1.11,0.60,0.44,1.33,-0.89,-0.89,+0.60,0.78,1.04,-0.24,-0.25,+0.74,Matches
285,Luca de la Torre\Luca-de-la-Torre,us USA,MF,Fulham,20,1998,0,,,,,0,,0,0,,1,,,,,,,,,,,,Matches
286,Alexandre Lacazette\Alexandre-Lacazette,fr FRA,FW,Arsenal,27,1991,35,2502,71,73.2,27.8,0.97,83,0.65,0.29,32,0.07,1.74,1.83,1.12,0.72,+0.72,+0.52,1.38,1.34,0.04,+0.04,-0.10,Matches
287,Adam Lallana\Adam-Lallana,eng ENG,MFFW,Liverpool,30,1988,13,468,36,13.7,5.2,0.96,70,0.00,1.54,15,2.12,2.54,2.69,0.58,2.12,+2.12,+0.41,1.94,0.48,1.46,+1.47,+0.37,Matches
288,Érik Lamela\Erik-Lamela,ar ARG,FWMF,Tottenham,26,1992,19,974,51,28.5,10.8,0.83,81,0.19,0.93,25,0.28,2.00,1.67,1.11,0.56,+0.55,-0.26,1.41,1.24,0.17,+0.17,-0.15,Matches
289,Manuel Lanzini\Manuel-Lanzini,ar ARG,MF,West Ham,25,1993,10,686,69,20.1,7.6,1.05,78,0.53,0.26,30,0.00,1.50,1.71,1.58,0.13,+0.13,+0.26,1.25,1.84,-0.59,-0.60,-0.35,Matches
290,Aymeric Laporte\Aymeric-Laporte,fr FRA,DF,Manchester City,24,1994,35,3057,87,89.4,34.0,1.00,90,0.97,0.03,1,0.03,2.54,2.59,0.62,1.97,+1.97,+0.73,2.11,0.68,1.43,+1.43,-0.55,Matches
291,Jamaal Lascelles\Jamaal-Lascelles,eng ENG,DF,Newcastle Utd,24,1993,32,2745,86,80.3,30.5,1.05,86,0.95,0.00,,0.03,1.16,0.95,1.18,-0.23,-0.23,-0.36,1.00,1.38,-0.39,-0.39,-0.15,Matches
292,Maxime Le Marchand\Maxime-Le-Marchand,fr FRA,DF,Fulham,28,1989,26,2250,87,65.8,25.0,1.00,88,0.92,0.04,45,0.32,0.88,1.08,2.12,-1.04,-1.04,+0.58,1.11,1.69,-0.58,-0.58,+0.27,Matches
293,Florian Lejeune\Florian-Lejeune,fr FRA,DF,Newcastle Utd,27,1991,12,1054,88,30.8,11.7,1.03,88,0.94,0.00,,0.09,1.42,1.37,1.11,0.26,+0.26,+0.60,1.28,1.25,0.03,+0.03,+0.57,Matches
294,Mario Lemina\Mario-Lemina,ga GAB,MF,Southampton,24,1993,21,1613,77,47.2,17.9,1.01,85,0.73,0.17,27,0.11,0.62,0.89,2.07,-1.17,-1.17,-1.22,1.21,1.58,-0.37,-0.37,-0.23,Matches
295,Aaron Lennon\Aaron-Lennon,eng ENG,FWMF,Burnley,31,1987,16,1215,76,35.5,13.5,1.04,84,0.74,0.15,19,0.00,0.75,0.89,1.56,-0.67,-0.67,-0.10,0.76,1.97,-1.20,-1.20,-1.00,Matches
296,Bernd Leno\Bernd-Leno,de GER,GK,Arsenal,26,1992,32,2836,89,82.9,31.5,0.98,90,0.98,0.03,45,0.19,1.81,1.94,1.33,0.60,+0.60,+0.14,1.56,1.46,0.11,+0.11,+0.23,Matches
297,Jefferson Lerma\Jefferson-Lerma,co COL,MF,Bournemouth,23,1994,30,2506,84,73.3,27.8,1.04,86,0.83,0.04,21,0.07,1.17,1.51,1.76,-0.25,-0.25,+0.44,1.44,1.38,0.06,+0.06,+0.48,Matches
298,Stephan Lichtsteiner\Stephan-Lichtsteiner,ch SUI,DF,Arsenal,34,1984,14,938,67,27.4,10.4,0.96,73,0.38,0.38,52,1.25,1.57,1.63,1.73,-0.10,-0.10,-0.93,1.22,1.71,-0.49,-0.49,-0.77,Matches
299,Victor Lindelöf\Victor-Lindelof,se SWE,DF,Manchester Utd,24,1994,30,2601,87,76.1,28.9,1.00,89,0.93,0.03,32,0.07,1.63,1.59,1.38,0.21,+0.21,-0.34,1.53,1.27,0.26,+0.26,-0.19,Matches
300,Jesse Lingard\Jesse-Lingard,eng ENG,FWMF,Manchester Utd,25,1992,27,1663,62,48.6,18.5,1.03,80,0.38,0.43,17,0.11,1.78,1.89,1.41,0.49,+0.49,+0.38,1.73,1.16,0.57,+0.57,+0.50,Matches
301,Fernando Llorente\Fernando-Llorente,es ESP,FW,Tottenham,33,1985,20,694,35,20.3,7.7,0.78,88,0.39,1.82,12,1.30,1.60,1.95,1.04,0.91,+0.91,+0.21,1.62,1.31,0.31,+0.31,+0.05,Matches
302,Hugo Lloris\Hugo-Lloris,fr FRA,GK,Tottenham,31,1986,33,2970,90,86.8,33.0,1.00,90,1.00,0.00,,0.00,1.97,1.85,1.00,0.85,+0.85,+0.85,1.47,1.19,0.28,+0.28,+0.12,Matches
303,Jürgen Locadia\Jurgen-Locadia,nl NED,FWMF,Brighton,24,1993,26,1236,48,36.1,13.7,0.88,84,0.51,1.02,17,0.66,0.81,0.80,1.53,-0.73,-0.73,-0.11,1.05,1.48,-0.43,-0.43,+0.24,Matches
304,Ruben Loftus-Cheek\Ruben-Loftus-Cheek,eng ENG,MFFW,Chelsea,22,1996,24,998,42,29.2,11.1,0.54,85,0.27,1.62,27,0.18,1.83,1.98,0.81,1.17,+1.17,+0.76,1.66,0.87,0.79,+0.79,+0.25,Matches
305,Kevin Long\Kevin-Long,ie IRL,DF,Burnley,27,1990,6,514,86,15.0,5.7,0.88,90,0.88,0.18,63,4.04,0.67,0.70,1.58,-0.88,-0.88,-0.32,0.72,1.68,-0.98,-0.98,-0.49,Matches
306,Shane Long\Shane-Long,ie IRL,FWMF,Southampton,31,1987,26,1272,49,37.2,14.1,0.85,76,0.14,0.99,26,0.14,1.12,1.13,1.70,-0.57,-0.57,-0.06,1.16,1.45,-0.28,-0.28,-0.04,Matches
307,Sean Longstaff\Sean-Longstaff,eng ENG,MF,Newcastle Utd,20,1997,9,687,76,20.1,7.6,1.05,84,0.79,0.13,17,0.79,1.44,1.45,1.18,0.26,+0.26,+0.53,1.28,1.42,-0.14,-0.14,+0.27,Matches
308,Ademola Lookman\Ademola-Lookman,eng ENG,FWMF,Everton,20,1997,21,618,29,18.1,6.9,0.43,92,0.29,2.61,19,1.30,1.29,1.88,1.16,0.72,+0.73,+0.63,1.65,1.12,0.55,+0.55,+0.62,Matches
309,Jonas Lössl\Jonas-Lossl,dk DEN,GK,Huddersfield,29,1989,31,2778,90,81.2,30.9,0.97,90,0.97,0.03,77,0.10,0.48,0.58,1.75,-1.17,-1.17,+1.36,0.73,1.53,-0.80,-0.80,+0.57,Matches
310,Dejan Lovren\Dejan-Lovren,hr CRO,DF,Liverpool,29,1989,13,986,76,28.8,11.0,1.00,89,0.91,0.18,1,0.55,2.62,2.73,0.64,2.09,+2.10,+0.47,1.86,0.78,1.08,+1.09,-0.08,Matches
311,Chris Löwe\Chris-Lowe,de GER,DFMF,Huddersfield,29,1989,29,2057,71,60.1,22.9,1.00,83,0.74,0.26,23,0.17,0.24,0.57,2.40,-1.83,-1.84,-1.05,0.69,1.91,-1.22,-1.22,-0.79,Matches
312,Matthew Lowton\Matthew-Lowton,eng ENG,DF,Burnley,29,1989,21,1750,83,51.2,19.4,0.98,90,0.98,0.10,19,0.72,0.90,1.19,2.11,-0.93,-0.93,-0.66,1.04,1.78,-0.74,-0.74,-0.38,Matches
313,David Luiz\David-Luiz,br BRA,DF,Chelsea,31,1987,36,3238,90,94.7,36.0,1.00,90,0.97,0.00,,0.06,1.92,1.67,1.00,0.67,+0.67,+0.67,1.54,0.92,0.62,+0.62,+0.08,Matches
314,Romelu Lukaku\Romelu-Lukaku,be BEL,FW,Manchester Utd,25,1993,32,2136,67,62.5,23.7,0.93,88,0.76,0.42,21,0.04,1.66,1.60,1.60,0.00,0.00,-0.77,1.48,1.26,0.22,+0.22,-0.23,Matches
315,James Maddison\James-Maddison,eng ENG,MFFW,Leicester City,21,1996,36,2831,79,82.8,31.5,1.11,80,0.48,0.03,17,0.03,1.33,1.33,1.40,-0.06,-0.06,-0.83,1.32,1.11,0.20,+0.20,+0.13,Matches
316,Gary Madine\Gary-Madine,eng ENG,FWMF,Cardiff City,27,1990,5,37,7,1.1,0.4,0.00,,0.00,12.5,6,17.5,0.00,0.00,7.50,-7.50,-7.30,-6.45,1.00,4.00,-2.75,-2.72,-2.16,Matches
317,Harry Maguire\Harry-Maguire,eng ENG,DF,Leicester City,25,1993,31,2596,84,75.9,28.8,1.08,84,0.97,0.00,,0.03,1.29,1.25,1.39,-0.14,-0.14,-0.90,1.27,1.17,0.10,+0.10,-0.34,Matches
318,Riyad Mahrez\Riyad-Mahrez,dz ALG,FWMF,Manchester City,27,1991,27,1343,50,39.3,14.9,0.94,81,0.34,0.87,16,0.67,2.52,2.42,0.60,1.81,+1.81,-0.14,2.11,0.57,1.54,+1.54,+0.09,Matches
319,Ainsley Maitland-Niles\Ainsley-Maitland-Niles,eng ENG,DF,Arsenal,20,1997,16,987,62,28.9,11.0,1.00,78,0.73,0.45,25,0.64,1.38,1.55,1.55,0.00,0.00,-0.81,1.28,1.74,-0.45,-0.45,-0.73,Matches
320,Sadio Mané\Sadio-Mane,sn SEN,FW,Liverpool,26,1992,36,3077,85,90.0,34.2,1.02,87,0.73,0.03,25,0.00,2.53,2.31,0.61,1.70,+1.70,-0.67,1.94,0.77,1.17,+1.17,+0.19,Matches
321,Javier Manquillo\Javier-Manquillo,es ESP,DF,Newcastle Utd,24,1994,18,1101,61,32.2,12.2,0.98,86,0.82,0.49,11,1.39,1.28,1.15,1.31,-0.16,-0.16,-0.01,0.99,1.28,-0.29,-0.28,+0.11,Matches
322,Solly March\Solly-March,eng ENG,FWMF,Brighton,24,1994,35,2463,70,72.0,27.4,1.09,78,0.58,0.18,24,0.04,0.94,0.95,1.46,-0.51,-0.51,+0.52,1.00,1.48,-0.48,-0.48,+0.34,Matches
323,Adrian Mariappa\Adrian-Mariappa,jm JAM,DF,Watford,31,1986,26,1927,74,56.3,21.4,0.93,90,0.93,0.28,20,0.47,1.38,1.36,1.45,-0.09,-0.09,+0.21,1.19,1.32,-0.13,-0.13,+0.09,Matches
324,Lazar Marković\Lazar-Markovic,rs SRB,FW,Fulham,24,1994,1,45,45,1.3,0.5,0.00,,0.00,2.00,45,2.00,0.00,0.00,2.00,-2.00,-2.00,-0.77,0.40,1.20,-0.80,-0.82,-0.15,Matches
325,George Marsh\George-Marsh,eng ENG,DFMF,Tottenham,19,1998,0,,,,,0,,0,0,,2,,,,,,,,,,,,Matches
326,Anthony Martial\Anthony-Martial,fr FRA,FW,Manchester Utd,22,1995,27,1621,60,47.4,18.0,1.00,80,0.39,0.50,20,0.17,1.63,1.72,1.39,0.33,+0.33,+0.08,1.50,1.36,0.13,+0.14,-0.33,Matches
327,Emiliano Martínez\Emiliano-Martinez,ar ARG,GK,Arsenal,25,1992,0,,,,,0,,0,0,,2,,,,,,,,,,,,Matches
328,Adam Masina\Adam-Masina,it ITA,DF,Watford,24,1994,14,1004,72,29.4,11.2,0.98,89,0.80,0.27,10,2.14,1.21,1.34,1.79,-0.45,-0.45,-0.37,1.18,1.47,-0.29,-0.30,-0.18,Matches
329,Arthur Masuaku\Arthur-Masuaku,cd COD,DF,West Ham,24,1993,23,1759,76,51.4,19.5,0.97,88,0.92,0.21,23,0.62,1.61,1.59,1.49,0.10,+0.10,+0.37,1.45,1.69,-0.24,-0.24,+0.15,Matches
330,Juan Mata\Juan-Mata,es ESP,FWMF,Manchester Utd,30,1988,22,1289,59,37.7,14.3,1.12,71,0.35,0.42,26,0.77,1.82,1.89,1.05,0.84,+0.84,+0.88,1.55,1.34,0.21,+0.21,-0.16,Matches
331,Nemanja Matić\Nemanja-Matic,rs SRB,MF,Manchester Utd,29,1988,28,2436,87,71.2,27.1,1.03,87,0.85,0.00,,0.07,1.86,1.85,1.37,0.48,+0.48,+0.66,1.59,1.30,0.30,+0.30,-0.04,Matches
332,Joël Matip\Joel-Matip,cm CMR,DF,Liverpool,26,1991,22,1537,70,44.9,17.1,0.99,90,0.99,0.29,0,0.53,2.55,2.40,0.70,1.70,+1.70,-0.12,1.88,0.74,1.13,+1.13,-0.03,Matches
333,Konstantinos Mavropanos\Konstantinos-Mavropanos,gr GRE,DF,Arsenal,20,1997,4,148,37,4.3,1.6,1.88,46,0.00,0.63,11,1.88,1.50,0.63,0.63,0.00,0.00,-0.61,1.56,1.50,0.06,+0.04,-0.02,Matches
334,Alfie Mawson\Alfie-Mawson,eng ENG,DF,Fulham,24,1994,15,1131,75,33.1,12.6,1.03,83,0.87,0.16,25,0.32,0.93,0.63,2.06,-1.43,-1.43,-0.29,0.93,1.95,-1.02,-1.03,-0.53,Matches
335,Isaac Mbenza\Isaac-Mbenza,be BEL,FWMF,Huddersfield,22,1996,22,986,45,28.8,11.0,0.91,77,0.27,1.09,18,0.55,0.55,0.55,2.27,-1.73,-1.73,-0.44,0.84,1.81,-0.97,-0.98,-0.10,Matches
336,James McArthur\James-McArthur,sco SCO,MF,Crystal Palace,30,1987,38,3058,80,89.4,34.0,1.06,83,0.62,0.06,32,0.00,1.29,1.29,1.44,-0.15,-0.15,-0.89,1.29,1.26,0.03,+0.03,-0.17,Matches
337,Alex McCarthy\Alex-McCarthy,eng ENG,GK,Southampton,28,1989,25,2250,90,65.8,25.0,1.00,90,1.00,0.00,,0.32,0.92,1.12,1.76,-0.64,-0.64,-0.33,1.24,1.47,-0.23,-0.23,+0.07,Matches
338,James McCarthy\James-McCarthy,ie IRL,MF,Everton,27,1990,1,15,15,0.4,0.2,0.00,,0.00,5.00,14,30.0,3.00,0.00,0.00,0.00,0.00,-0.21,0.00,0.00,0.00,+0.08,+0.04,Matches
339,Kevin McDonald\Kevin-McDonald,sco SCO,MF,Fulham,29,1988,15,841,56,24.6,9.3,1.08,78,0.54,0.54,12,0.43,0.40,1.08,2.80,-1.72,-1.71,-0.63,0.85,2.26,-1.41,-1.40,-0.97,Matches
340,Dwight McNeil\Dwight-McNeil,eng ENG,MFFW,Burnley,18,1999,21,1591,76,46.5,17.7,1.07,81,0.51,0.11,24,0.23,1.33,1.24,1.41,-0.17,-0.17,+0.81,1.13,1.39,-0.26,-0.26,+0.55,Matches
341,Scott McTominay\Scott-McTominay,sco SCO,MFDF,Manchester Utd,21,1996,16,867,54,25.4,9.6,0.94,86,0.83,0.73,14,0.73,1.75,1.25,1.88,-0.63,-0.62,-1.22,1.25,1.27,-0.02,-0.02,-0.44,Matches
342,Zechariah Medley\Zechariah-Medley,eng ENG,DF,Arsenal,18,2000,0,,,,,0,,0,0,,1,,,,,,,,,,,,Matches
343,Ben Mee\Ben-Mee,eng ENG,DF,Burnley,28,1989,38,3420,90,100.0,38.0,1.00,90,1.00,0.00,,0.00,1.05,1.18,1.79,-0.61,-0.61,,1.10,1.66,-0.56,-0.56,,Matches
344,Nathaniel Mendez-Laing\Nathaniel-Mendez-Laing,eng ENG,MFFW,Cardiff City,26,1992,20,985,49,28.8,10.9,1.01,72,0.28,0.83,21,0.55,0.60,1.01,1.65,-0.64,-0.64,+0.40,1.06,1.84,-0.79,-0.79,-0.29,Matches
345,Benjamin Mendy\Benjamin-Mendy,fr FRA,DF,Manchester City,24,1994,10,900,90,26.3,10.0,1.00,90,1.00,0.00,,0.10,2.60,2.90,0.60,2.30,+2.30,+0.55,2.07,0.74,1.32,+1.32,-0.22,Matches
346,Nampalys Mendy\Nampalys-Mendy,fr FRA,MF,Leicester City,26,1992,31,2092,67,61.2,23.2,0.99,87,0.82,0.34,12,0.17,1.52,1.34,1.25,0.09,+0.09,+0.02,1.23,1.11,0.12,+0.12,-0.16,Matches
347,Chris Mepham\Chris-Mepham,wal WAL,DF,Bournemouth,20,1997,13,850,65,24.9,9.4,1.06,82,0.85,0.32,10,0.21,0.92,1.49,1.81,-0.32,-0.32,+0.07,1.50,1.56,-0.06,-0.06,0.00,Matches
348,Max Meyer\Max-Meyer,de GER,MFFW,Crystal Palace,22,1995,29,1416,49,41.4,15.7,0.96,79,0.19,0.89,17,0.38,1.14,1.72,1.53,0.19,+0.19,+0.42,1.41,1.16,0.26,+0.26,+0.37,Matches
349,Simon Mignolet\Simon-Mignolet,be BEL,GK,Liverpool,30,1988,0,,,,,0,,0,0,,37,,,,,,,,,,,,Matches
350,Luka Milivojević\Luka-Milivojevic,rs SRB,MF,Crystal Palace,27,1991,38,3420,90,100.0,38.0,1.00,90,1.00,0.00,,0.00,1.29,1.34,1.39,-0.05,-0.05,,1.32,1.28,0.04,+0.04,,Matches
351,James Milner\James-Milner,eng ENG,MFDF,Liverpool,32,1986,31,1789,58,52.3,19.9,0.95,81,0.55,0.60,20,0.10,2.52,2.11,0.60,1.51,+1.51,-0.53,1.80,0.81,0.99,+0.99,-0.33,Matches
352,Yerry Mina\Yerry-Mina,co COL,DF,Everton,23,1994,13,892,69,26.1,9.9,1.01,88,0.91,0.30,5,0.61,1.46,1.52,1.31,0.20,+0.20,-0.01,1.44,1.34,0.10,+0.10,+0.08,Matches
353,Tyrone Mings\Tyrone-Mings,eng ENG,DF,Bournemouth,25,1993,5,143,29,4.2,1.6,1.25,64,0.63,1.88,5,5.00,0.60,0.63,2.50,-1.88,-1.89,-1.59,0.56,1.88,-1.31,-1.33,-1.32,Matches
354,Aleksandar Mitrović\Aleksandar-Mitrovic,rs SRB,FW,Fulham,23,1994,37,3280,89,95.9,36.4,1.02,89,0.96,0.00,,0.00,0.70,0.91,2.14,-1.24,-1.23,+0.05,1.05,1.67,-0.62,-0.62,+1.36,Matches
355,Henrikh Mkhitaryan\Henrikh-Mkhitaryan,am ARM,FWMF,Arsenal,29,1989,25,1641,66,48.0,18.2,1.04,79,0.60,0.33,22,0.16,1.88,1.81,1.43,0.38,+0.38,-0.37,1.70,1.35,0.35,+0.35,+0.54,Matches
356,Jayson Molumby\Jayson-Molumby,ie IRL,MF,Brighton,18,1999,0,,,,,0,,0,0,,1,,,,,,,,,,,,Matches
357,Nacho Monreal\Nacho-Monreal,es ESP,DF,Arsenal,32,1986,22,1861,85,54.4,20.7,1.01,87,0.97,0.05,24,0.19,2.14,2.13,1.16,0.97,+0.97,+0.85,1.58,1.33,0.26,+0.26,+0.42,Matches
358,Martín Montoya\Martin-Montoya,es ESP,DF,Brighton,27,1991,25,2167,87,63.4,24.1,1.00,90,1.00,0.04,6,0.00,0.80,1.04,1.70,-0.66,-0.66,-0.02,1.00,1.52,-0.51,-0.52,+0.17,Matches
359,Aaron Mooy\Aaron-Mooy,au AUS,MFFW,Huddersfield,27,1990,29,2330,80,68.1,25.9,0.97,89,0.93,0.15,26,0.00,0.52,0.69,1.85,-1.16,-1.16,+0.82,0.84,1.60,-0.76,-0.76,+0.46,Matches
360,Álvaro Morata\Alvaro-Morata,es ESP,FW,Chelsea,25,1992,16,941,59,27.5,10.5,1.05,76,0.38,0.48,21,0.10,2.00,1.43,1.05,0.38,+0.38,-0.34,1.53,0.95,0.58,+0.58,-0.04,Matches
361,Alberto Moreno\Alberto-Moreno,es ESP,DF,Liverpool,26,1992,2,154,77,4.5,1.7,1.18,77,0.59,0.00,,9.41,3.00,2.94,1.18,1.76,+1.75,-0.01,1.59,0.82,0.76,+0.78,-0.39,Matches
362,Wes Morgan\Wes-Morgan,jm JAM,DF,Leicester City,34,1984,22,1925,88,56.3,21.4,0.98,88,0.89,0.05,84,0.42,1.36,1.31,1.21,0.09,+0.09,+0.03,1.28,1.10,0.18,+0.18,-0.01,Matches
363,Sean Morrison\Sean-Morrison,eng ENG,DF,Cardiff City,27,1991,34,3039,89,88.9,33.8,1.01,89,0.98,0.00,,0.00,0.82,0.83,1.86,-1.04,-1.04,-1.04,1.03,1.64,-0.62,-0.62,-0.31,Matches
364,Victor Moses\Victor-Moses,ng NGA,FW,Chelsea,27,1990,2,28,14,0.8,0.3,0.00,,0.00,6.67,13,6.67,2.00,0.00,3.33,-3.33,-3.21,-3.88,1.67,0.33,1.33,+1.25,+0.64,Matches
365,Steve Mounié\Steve-Mounie,bj BEN,FW,Huddersfield,23,1994,31,1778,57,52.0,19.8,0.96,79,0.40,0.61,24,0.10,0.48,0.61,1.87,-1.26,-1.27,+0.32,0.72,1.40,-0.69,-0.69,+0.46,Matches
366,Lucas Moura\Lucas-Moura,br BRA,FWMF,Tottenham,25,1992,32,2121,66,62.0,23.6,1.06,81,0.51,0.30,15,0.17,1.81,1.69,0.76,0.93,+0.93,+0.52,1.43,1.15,0.28,+0.28,+0.04,Matches
367,Lys Mousset\Lys-Mousset,fr FRA,FWMF,Bournemouth,22,1996,24,368,15,10.8,4.1,0.24,113,0.24,5.61,11,2.44,1.00,0.73,3.66,-2.93,-2.93,-2.88,1.34,2.41,-1.05,-1.06,-1.11,Matches
368,João Moutinho\Joao-Moutinho,pt POR,MF,Wolves,31,1986,38,3032,80,88.7,33.7,1.04,85,0.71,0.09,21,0.00,1.50,1.22,1.16,0.06,+0.06,+0.29,1.26,1.01,0.25,+0.25,-0.40,Matches
369,Arijanet Muric\Arijanet-Muric,xk KVX,GK,Manchester City,19,1998,0,,,,,0,,0,0,,36,,,,,,,,,,,,Matches
370,Brian Murphy\Brian-Murphy,ie IRL,GK,Cardiff City,35,1983,0,,,,,0,,0,0,,12,,,,,,,,,,,,Matches
371,Jacob Murphy\Jacob-Murphy,eng ENG,MFFW,Newcastle Utd,23,1995,9,302,34,8.8,3.4,0.88,70,0.00,1.76,16,2.06,0.22,0.29,2.35,-2.06,-2.09,-2.11,0.85,1.41,-0.56,-0.57,-0.23,Matches
372,Josh Murphy\Josh-Murphy,eng ENG,FWMF,Cardiff City,23,1995,29,1817,63,53.1,20.2,1.09,77,0.35,0.35,18,0.20,0.90,0.84,1.58,-0.74,-0.74,+0.38,1.20,1.32,-0.12,-0.12,+0.99,Matches
373,Glenn Murray\Glenn-Murray,eng ENG,FW,Brighton,34,1983,38,2508,66,73.3,27.9,1.08,78,0.57,0.29,20,0.00,0.95,0.97,1.61,-0.65,-0.65,+0.04,0.94,1.46,-0.52,-0.52,+0.23,Matches
374,Shkodran Mustafi\Shkodran-Mustafi,de GER,DF,Arsenal,26,1992,31,2611,84,76.3,29.0,1.07,84,0.86,0.00,,0.14,1.84,1.76,1.38,0.38,+0.38,-0.84,1.47,1.50,-0.03,-0.03,-0.41,Matches
375,Yoshinori Mutō\Yoshinori-Muto,jp JPN,FW,Newcastle Utd,26,1992,17,524,31,15.3,5.8,0.86,75,0.17,2.07,12,1.72,0.65,1.03,1.72,-0.69,-0.69,-0.62,1.19,1.76,-0.57,-0.56,-0.24,Matches
376,Georges-Kévin N'Koudou\Georges-Kevin-NKoudou,fr FRA,FW,Tottenham,23,1995,1,5,5,0.1,0.1,0.00,,0.00,10.0,4,20.0,3.00,10.0,0.00,10.0,+18.00,+17.29,3.00,0.00,3.00,+4.74,+4.48,Matches
377,Samir Nasri\Samir-Nasri,fr FRA,MF,West Ham,31,1987,5,245,49,7.2,2.7,1.11,61,0.00,0.74,32,1.48,1.20,1.48,0.74,0.74,+0.73,+0.88,1.19,1.59,-0.41,-0.41,-0.11,Matches
378,Marc Navarro\Marc-Navarro,es ESP,DF,Watford,23,1995,2,84,42,2.5,0.9,1.11,84,0.00,1.11,0,5.56,1.50,0.00,3.33,-3.33,-3.21,-3.11,1.67,1.56,0.11,+0.15,+0.33,Matches
379,Wilfred Ndidi\Wilfred-Ndidi,ng NGA,MF,Leicester City,21,1996,38,3296,87,96.4,36.6,1.01,88,0.90,0.03,58,0.00,1.37,1.31,1.28,0.03,+0.03,-1.42,1.27,1.14,0.13,+0.13,-1.30,Matches
380,Rúben Neves\Ruben-Neves,pt POR,MF,Wolves,21,1997,35,3007,86,87.9,33.4,1.02,88,0.93,0.03,17,0.06,1.43,1.23,1.29,-0.06,-0.06,-0.71,1.30,1.00,0.30,+0.30,+0.02,Matches
381,Oumar Niasse\Oumar-Niasse,sn SEN,FW,Cardiff City,28,1990,13,931,72,27.2,10.3,1.17,77,0.19,0.10,12,0.00,0.92,0.78,1.26,-0.49,-0.48,+0.60,0.94,1.56,-0.62,-0.62,-0.05,Matches
382,Oumar Niasse\Oumar-Niasse,sn SEN,FWMF,Everton,28,1990,5,63,13,1.8,0.7,0.00,,0.00,7.14,12,4.29,1.00,0.00,0.00,0.00,0.00,-0.21,1.29,0.43,1.00,+0.93,+0.91,Matches
383,Eddie Nketiah\Eddie-Nketiah,eng ENG,MFFW,Arsenal,19,1999,5,67,13,2.0,0.7,0.00,,0.00,7.14,12,20.0,1.80,4.29,4.29,0.00,0.00,-0.59,2.43,4.00,-1.57,-1.42,-1.52,Matches
384,Mark Noble\Mark-Noble,eng ENG,MF,West Ham,31,1987,31,2291,74,67.0,25.5,1.14,78,0.39,0.08,20,0.16,1.55,1.57,1.18,0.39,+0.39,+1.43,1.31,1.54,-0.24,-0.24,+0.23,Matches
385,Håvard Nordtveit\Havard-Nordtveit,no NOR,DF,Fulham,28,1990,5,362,72,10.6,4.0,1.00,90,1.00,0.25,1,0.25,0.60,0.75,2.50,-1.75,-1.74,-0.56,0.78,1.65,-0.88,-0.88,-0.23,Matches
386,Will Norris\Will-Norris,eng ENG,GK,Wolves,24,1993,1,1,1,0.0,0.0,0,,0,1,0,1,3.00,0,0,0,0.00,-0.03,0.0,0.0,0.0,0.00,-0.30,Matches
387,Michael Obafemi\Michael-Obafemi,ie IRL,FW,Southampton,18,2000,6,137,23,4.0,1.5,0.67,66,0.00,3.33,14,0.00,0.83,2.00,2.00,0.00,0.00,+0.55,1.73,1.80,0.00,-0.03,+0.23,Matches
388,Pedro Obiang\Pedro-Obiang,gq EQG,MF,West Ham,26,1992,24,1128,47,33.0,12.5,0.96,78,0.56,0.96,16,0.80,1.63,1.12,1.68,-0.56,-0.56,-0.72,1.16,1.54,-0.38,-0.38,-0.10,Matches
389,Denis Odoi\Denis-Odoi,be BEL,DF,Fulham,30,1988,31,2594,84,75.8,28.8,1.01,88,0.97,0.07,23,0.10,0.84,0.97,2.15,-1.18,-1.18,+0.24,1.06,1.67,-0.61,-0.61,+0.24,Matches
390,Nnamdi Ofoborh\Nnamdi-Ofoborh,ng NGA,MF,Bournemouth,18,1999,0,,,,,0,,0,0,,2,,,,,,,,,,,,Matches
391,Angelo Ogbonna\Angelo-Ogbonna,it ITA,DF,West Ham,30,1988,24,1874,78,54.8,20.8,0.96,90,0.96,0.19,18,0.58,1.21,1.15,1.73,-0.58,-0.58,-1.10,1.16,1.84,-0.68,-0.68,-0.80,Matches
392,Stefano Okaka\Stefano-Okaka,it ITA,FW,Watford,28,1989,2,24,12,0.7,0.3,0.00,,0.00,6.67,11,16.7,1.50,0.00,3.33,-3.33,-3.75,-3.59,2.33,1.67,0.67,+0.80,+0.98,Matches
393,Shinji Okazaki\Shinji-Okazaki,jp JPN,FWMF,Leicester City,32,1986,21,288,14,8.4,3.2,0.31,89,0.00,6.25,10,2.50,1.14,2.19,1.25,0.94,+0.94,+0.94,1.31,1.44,-0.09,-0.10,-0.31,Matches
394,Divock Origi\Divock-Origi,be BEL,FW,Liverpool,23,1995,12,371,31,10.8,4.1,0.98,72,0.24,1.95,10,3.17,2.50,2.68,0.49,2.20,+2.18,+0.47,1.78,0.90,0.88,+0.88,-0.30,Matches
395,Nicolás Otamendi\Nicolas-Otamendi,ar ARG,DF,Manchester City,30,1988,18,1236,69,36.1,13.7,1.02,87,0.95,0.29,3,1.24,2.83,2.63,0.51,2.12,+2.11,+0.34,2.52,0.53,1.99,+1.99,+0.79,Matches
396,Alex Oxlade-Chamberlain\Alex-Oxlade-Chamberlain,eng ENG,MFFW,Liverpool,24,1993,2,21,11,0.6,0.2,0.00,,0.00,10.0,10,5.00,3.00,5.00,0.00,5.00,+4.29,+2.54,6.50,0.00,6.50,+5.77,+4.65,Matches
397,Mesut Özil\Mesut-Ozil,de GER,MFFW,Arsenal,29,1988,24,1735,72,50.7,19.3,1.04,81,0.52,0.21,28,0.16,1.75,1.81,1.24,0.57,+0.57,-0.02,1.47,1.32,0.15,+0.15,+0.17,Matches
398,Emerson Palmieri\Emerson-Palmieri,it ITA,DF,Chelsea,23,1994,10,663,66,19.4,7.4,0.95,90,0.95,0.41,10,0.81,1.70,1.35,1.49,-0.14,-0.14,-0.95,1.38,0.96,0.41,+0.41,-0.25,Matches
399,Sokratis Papastathopoulos\Sokratis-Papastathopoulos,gr GRE,DF,Arsenal,30,1988,25,2198,88,64.3,24.4,1.02,88,0.98,0.00,,0.12,1.84,1.80,1.35,0.45,+0.45,-0.36,1.48,1.41,0.07,+0.07,+0.02,Matches
400,Callum Paterson\Callum-Paterson,sco SCO,FWMF,Cardiff City,23,1994,27,1998,74,58.4,22.2,0.95,87,0.77,0.27,27,0.09,1.00,0.95,1.85,-0.90,-0.90,+0.05,1.02,1.51,-0.49,-0.49,+0.22,Matches
401,Rui Patrício\Rui-Patricio,pt POR,GK,Wolves,30,1988,37,3329,90,97.3,37.0,1.00,90,0.97,0.00,,0.00,1.46,1.22,1.24,-0.03,-0.03,-2.01,1.28,1.03,0.25,+0.25,-1.74,Matches
402,Pedro\Pedro,es ESP,FW,Chelsea,31,1987,31,1778,57,52.0,19.8,1.06,75,0.45,0.51,21,0.10,1.94,1.57,0.96,0.61,+0.61,-0.05,1.45,0.96,0.49,+0.49,-0.25,Matches
403,Lee Peltier\Lee-Peltier,eng ENG,DF,Cardiff City,31,1986,20,1544,77,45.1,17.2,0.99,88,0.93,0.17,17,0.64,1.10,0.99,1.51,-0.52,-0.52,+0.72,1.10,1.79,-0.69,-0.69,-0.19,Matches
404,Adalberto Peñaranda\Adalberto-Penaranda,ve VEN,FW,Watford,21,1997,0,,,,,0,,0,0,,2,,,,,,,,,,,,Matches
405,Andreas Pereira\Andreas-Pereira,br BRA,MF,Manchester Utd,22,1996,15,599,40,17.5,6.7,0.90,72,0.15,1.34,19,1.34,1.47,1.19,1.94,-0.75,-0.75,-1.26,1.33,1.34,-0.01,-0.02,-0.40,Matches
406,Ricardo Pereira\Ricardo-Pereira,pt POR,DFFW,Leicester City,24,1993,35,3123,89,91.3,34.7,1.01,89,0.95,0.00,,0.09,1.34,1.33,1.30,0.03,+0.03,-0.58,1.27,1.08,0.18,+0.19,+0.06,Matches
407,Roberto Pereyra\Roberto-Pereyra,ar ARG,FWMF,Watford,27,1991,33,2815,85,82.3,31.3,1.05,85,0.73,0.00,,0.00,1.30,1.34,1.69,-0.35,-0.35,-0.95,1.29,1.41,-0.12,-0.13,+0.25,Matches
408,Ayoze Pérez\Ayoze-Perez,es ESP,FWMF,Newcastle Utd,25,1993,37,2917,79,85.3,32.4,1.05,83,0.59,0.09,29,0.03,1.22,1.23,1.08,0.15,+0.15,+2.12,1.07,1.26,-0.19,-0.19,+1.15,Matches
409,Lucas Pérez\Lucas-Perez,es ESP,FW,West Ham,29,1988,15,475,32,13.9,5.3,0.75,56,0.00,2.08,23,1.70,1.40,2.08,2.45,-0.38,-0.38,-0.35,1.28,1.85,-0.57,-0.56,-0.29,Matches
410,Jordan Pickford\Jordan-Pickford,eng ENG,GK,Everton,24,1994,38,3420,90,100.0,38.0,1.00,90,1.00,0.00,,0.00,1.42,1.42,1.21,0.21,+0.21,,1.22,1.18,0.04,+0.04,,Matches
411,Paul Pogba\Paul-Pogba,fr FRA,MF,Manchester Utd,25,1993,35,3006,86,87.9,33.4,1.02,88,0.84,0.03,15,0.06,1.80,1.68,1.29,0.39,+0.39,+0.82,1.61,1.18,0.43,+0.43,+1.03,Matches
412,Joe Powell\Joe-Powell,eng ENG,MF,West Ham,19,1998,0,,,,,0,,0,0,,1,,,,,,,,,,,,Matches
413,Alex Pritchard\Alex-Pritchard,eng ENG,MFFW,Huddersfield,25,1993,30,2081,69,60.8,23.1,1.13,78,0.48,0.17,15,0.30,0.47,0.74,1.73,-1.00,-0.99,+1.09,0.88,1.51,-0.63,-0.63,+0.70,Matches
414,Sebastian Prödl\Sebastian-Prodl,at AUT,DF,Watford,31,1987,1,13,13,0.4,0.1,0.00,,0.00,10.0,13,30.0,3.00,0.00,0.00,0.00,0.00,+0.18,0.00,3.00,-3.00,-1.99,-1.83,Matches
415,Davy Pröpper\Davy-Propper,nl NED,MF,Brighton,26,1991,30,2546,85,74.4,28.3,1.06,85,0.88,0.00,,0.00,0.93,0.95,1.59,-0.64,-0.64,+0.08,0.98,1.40,-0.43,-0.43,+0.59,Matches
416,Marc Pugh\Marc-Pugh,eng ENG,FWMF,Bournemouth,31,1987,0,,,,,0,,0,0,,3,,,,,,,,,,,,Matches
417,Jason Puncheon\Jason-Puncheon,eng ENG,MFFW,Huddersfield,32,1986,6,382,64,11.2,4.2,1.19,72,0.71,0.24,23,0.48,0.17,0.00,2.14,-2.14,-2.12,-0.79,0.74,1.64,-0.90,-0.90,+0.01,Matches
418,Jason Puncheon\Jason-Puncheon,eng ENG,MF,Crystal Palace,32,1986,5,13,3,0.4,0.1,0.00,,0.00,50.0,2,110.0,2.00,0.00,0.00,0.00,0.00,+0.05,1.00,0.00,0.00,+0.32,+0.28,Matches
419,Collin Quaner\Collin-Quaner,de GER,FWMF,Huddersfield,27,1991,2,39,20,1.1,0.4,0.00,,0.00,5.00,19,5.00,0.00,2.50,5.00,-2.50,-2.31,-0.90,1.25,1.50,-0.25,-0.20,+0.72,Matches
420,Domingos Quina\Domingos-Quina,pt POR,MF,Watford,18,1999,8,338,42,9.9,3.8,0.79,79,0.26,1.32,20,2.89,1.50,2.11,1.32,0.79,+0.80,+1.09,1.79,1.58,0.21,+0.21,+0.42,Matches
421,Joe Ralls\Joe-Ralls,eng ENG,MF,Cardiff City,24,1993,28,1959,70,57.3,21.8,1.01,85,0.73,0.28,16,0.14,0.89,0.64,1.83,-1.19,-1.19,-0.64,0.94,1.76,-0.82,-0.82,-0.55,Matches
422,Sandro Ramírez\Sandro-Ramirez,es ESP,FW,Everton,23,1995,0,,,,,0,,0,0,,1,,,,,,,,,,,,Matches
423,Aaron Ramsey\Aaron-Ramsey,wal WAL,MFFW,Arsenal,27,1990,28,1331,48,38.9,14.8,0.95,73,0.27,0.95,22,0.20,1.93,2.09,0.88,1.22,+1.22,+1.04,1.35,1.37,-0.02,-0.02,-0.15,Matches
424,Kayne Ramsey\Kayne-Ramsey,eng ENG,DF,Southampton,17,2000,1,90,90,2.6,1.0,1.00,90,1.00,0.00,,10.0,0.00,1.00,3.00,-2.00,-2.00,-1.51,0.40,2.60,-2.20,-2.23,-2.03,Matches
425,Marcus Rashford\Marcus-Rashford,eng ENG,FW,Manchester Utd,20,1997,33,2334,71,68.2,25.9,1.00,82,0.42,0.27,28,0.08,1.79,1.74,1.35,0.39,+0.39,+0.30,1.58,1.11,0.47,+0.47,+0.51,Matches
426,Tim Ream\Tim-Ream,us USA,DF,Fulham,30,1987,26,2047,79,59.9,22.7,1.10,82,0.88,0.04,6,0.22,0.69,0.79,2.16,-1.37,-1.36,-0.31,1.04,1.56,-0.53,-0.53,+0.36,Matches
427,Nathan Redmond\Nathan-Redmond,eng ENG,FWMF,Southampton,24,1994,38,3270,86,95.6,36.3,0.99,88,0.77,0.06,45,0.00,1.03,1.18,1.60,-0.41,-0.41,+2.59,1.22,1.38,-0.15,-0.15,+2.19,Matches
428,Bobby Reid\Bobby-Reid,jm JAM,FWMF,Cardiff City,25,1993,27,1424,53,41.6,15.8,1.01,81,0.44,0.70,12,0.70,0.89,1.20,1.90,-0.70,-0.70,+0.39,1.20,1.72,-0.51,-0.51,+0.12,Matches
429,Declan Rice\Declan-Rice,eng ENG,MF,West Ham,19,1999,34,3003,88,87.8,33.4,1.02,88,0.96,0.00,,0.06,1.44,1.41,1.41,0.00,0.00,+0.65,1.28,1.63,-0.34,-0.35,-0.26,Matches
430,Jazz Richards\Jazz-Richards,wal WAL,DFMF,Cardiff City,27,1991,4,132,33,3.9,1.5,0.00,,0.00,2.67,32,4.00,1.50,0.67,2.67,-2.00,-2.05,-1.17,0.67,2.53,-1.87,-1.93,-1.40,Matches
431,Richarlison\Richarlison,br BRA,FWMF,Everton,21,1997,35,2665,76,77.9,29.6,1.08,81,0.51,0.10,24,0.00,1.49,1.28,1.15,0.14,+0.14,-0.34,1.27,1.23,0.04,+0.04,-0.02,Matches
432,Diego Rico\Diego-Rico,es ESP,DFMF,Bournemouth,25,1993,12,612,51,17.9,6.8,0.74,80,0.44,1.03,30,2.21,0.25,0.74,2.79,-2.06,-2.06,-2.06,0.85,1.78,-0.93,-0.92,-1.04,Matches
433,Sergio Rico\Sergio-Rico,es ESP,GK,Fulham,24,1993,29,2610,90,76.3,29.0,1.00,90,1.00,0.00,,0.21,0.72,0.79,1.93,-1.14,-1.14,+0.42,1.03,1.57,-0.54,-0.55,+0.53,Matches
434,Jaïro Riedewald\Jairo-Riedewald,nl NED,DFMF,Crystal Palace,21,1996,0,,,,,0,,0,0,,17,,,,,,,,,,,,Matches
435,Matt Ritchie\Matt-Ritchie,sco SCO,DFMF,Newcastle Utd,28,1989,36,2928,81,85.6,32.5,1.08,83,0.65,0.03,9,0.00,1.22,1.08,1.23,-0.15,-0.15,+0.03,0.97,1.32,-0.35,-0.35,+0.09,Matches
436,Cal Roberts\Cal-Roberts,eng ENG,FWMF,Newcastle Utd,21,1997,0,,,,,0,,0,0,,2,,,,,,,,,,,,Matches
437,Andrew Robertson\Andrew-Robertson,sco SCO,DF,Liverpool,24,1994,36,3216,89,94.0,35.7,1.01,89,0.92,0.00,,0.03,2.53,2.27,0.56,1.71,+1.71,-0.94,1.91,0.79,1.12,+1.12,-0.46,Matches
438,Marcos Rojo\Marcos-Rojo,ar ARG,DF,Manchester Utd,28,1990,5,212,42,6.2,2.4,0.83,74,0.00,1.25,21,2.50,2.20,1.67,2.08,-0.42,-0.42,-0.76,1.50,1.50,0.00,+0.01,-0.32,Matches
439,Sergio Romero\Sergio-Romero,ar ARG,GK,Manchester Utd,31,1987,0,,,,,0,,0,0,,29,,,,,,,,,,,,Matches
440,Oriol Romeu\Oriol-Romeu,es ESP,MF,Southampton,26,1991,31,2136,69,62.5,23.7,1.05,81,0.63,0.25,19,0.08,1.13,1.22,1.56,-0.34,-0.34,+0.50,1.18,1.44,-0.26,-0.26,-0.03,Matches
441,Salomón Rondón\Salomon-Rondon,ve VEN,FW,Newcastle Utd,28,1989,32,2603,81,76.1,28.9,1.04,85,0.76,0.07,26,0.10,1.38,1.28,1.07,0.21,+0.21,+1.53,1.07,1.30,-0.24,-0.24,+0.51,Matches
442,Danny Rose\Danny-Rose,eng ENG,DFMF,Tottenham,28,1990,26,1798,69,52.6,20.0,1.00,87,0.70,0.30,9,0.25,1.77,1.75,0.80,0.95,+0.95,+0.45,1.43,1.19,0.24,+0.23,-0.07,Matches
443,Aaron Rowe\Aaron-Rowe,eng ENG,FW,Huddersfield,17,2000,2,69,35,2.0,0.8,1.25,55,0.00,1.25,14,2.50,0.00,2.50,1.25,1.25,+1.30,+2.78,0.50,2.25,-1.63,-1.75,-0.86,Matches
444,John Ruddy\John-Ruddy,eng ENG,GK,Wolves,31,1986,1,90,90,2.6,1.0,1.00,90,1.00,0.00,,36.0,3.00,2.00,0.00,2.00,+2.00,+2.03,2.60,0.60,2.00,+2.01,+1.76,Matches
445,Antonio Rüdiger\Antonio-Rudiger,de GER,DF,Chelsea,25,1993,33,2871,87,83.9,31.9,1.03,87,0.94,0.00,,0.06,1.85,1.57,1.10,0.47,+0.47,-1.01,1.49,0.95,0.54,+0.54,-0.45,Matches
446,Mathew Ryan\Mathew-Ryan,au AUS,GK,Brighton,26,1992,34,3060,90,89.5,34.0,1.00,90,1.00,0.00,,0.00,0.94,0.91,1.62,-0.71,-0.71,-0.46,0.94,1.48,-0.54,-0.54,+0.34,Matches
447,Abdelhamid Sabiri\Abdelhamid-Sabiri,de GER,FW,Huddersfield,21,1996,2,48,24,1.4,0.5,2.00,45,0.00,2.00,3,0.00,0.00,2.00,6.00,-4.00,-3.75,-2.36,1.00,3.40,-2.40,-2.31,-1.43,Matches
448,Romain Saïss\Romain-Saiss,ma MAR,MFDF,Wolves,28,1990,19,1149,60,33.6,12.8,0.94,87,0.78,0.55,16,1.17,1.63,1.41,1.33,0.08,+0.08,+0.08,1.18,1.01,0.18,+0.18,-0.18,Matches
449,Bukayo Saka\Bukayo-Saka,eng ENG,FW,Arsenal,16,2001,1,8,8,0.2,0.1,0.00,,0.00,10.0,7,20.0,3.00,0.00,0.00,0.00,0.00,-0.58,1.00,0.00,1.00,+0.86,+0.80,Matches
450,Mamadou Sakho\Mamadou-Sakho,fr FRA,DF,Crystal Palace,28,1990,27,2416,89,70.6,26.8,1.01,89,0.97,0.00,,0.00,1.11,1.08,1.31,-0.22,-0.22,-0.58,1.25,1.22,0.03,+0.03,-0.05,Matches
451,Bakary Sako\Bakary-Sako,ml MLI,FWMF,Crystal Palace,30,1988,4,29,7,0.8,0.3,0.00,,0.00,13.3,6,10.0,2.25,0.00,6.67,-6.67,-6.21,-6.21,0.67,3.67,-3.00,-2.82,-2.88,Matches
452,Mohamed Salah\Mohamed-Salah,eg EGY,FW,Liverpool,26,1992,38,3250,86,95.0,36.1,1.02,87,0.66,0.03,25,0.00,2.55,2.27,0.55,1.72,+1.72,-0.93,1.93,0.78,1.15,+1.15,+0.05,Matches
453,Alexis Sánchez\Alexis-Sanchez,cl CHI,FWMF,Manchester Utd,29,1988,20,880,44,25.7,9.8,0.92,70,0.10,1.12,23,0.31,1.85,1.94,1.02,0.92,+0.92,+0.85,1.72,1.40,0.33,+0.33,+0.02,Matches
454,Carlos Sánchez\Carlos-Sanchez,co COL,MF,West Ham,32,1986,7,245,35,7.2,2.7,0.74,93,0.74,1.85,12,0.00,1.43,0.37,1.48,-1.11,-1.10,-1.10,1.19,1.48,-0.30,-0.28,+0.04,Matches
455,Davinson Sánchez\Davinson-Sanchez,co COL,DF,Tottenham,22,1996,23,1942,84,56.8,21.6,1.02,88,0.93,0.05,11,0.32,1.74,1.48,1.02,0.46,+0.46,-0.63,1.33,1.07,0.26,+0.26,-0.01,Matches
456,Max Sanders\Max-Sanders,eng ENG,MF,Brighton,19,1999,0,,,,,0,,0,0,,1,,,,,,,,,,,,Matches
457,Philippe Sandler\Philippe-Sandler,nl NED,DF,Manchester City,21,1997,0,,,,,0,,0,0,,1,,,,,,,,,,,,Matches
458,Leroy Sané\Leroy-Sane,de GER,FW,Manchester City,22,1996,31,1867,60,54.6,20.7,1.01,79,0.53,0.48,20,0.29,2.48,2.61,0.68,1.93,+1.93,+0.07,2.20,0.72,1.47,+1.47,-0.03,Matches
459,Fabian Schär\Fabian-Schar,ch SUI,DF,Newcastle Utd,26,1991,24,1999,83,58.5,22.2,0.99,87,0.77,0.09,45,0.32,1.71,1.35,1.04,0.32,+0.32,+1.14,1.18,1.27,-0.09,-0.09,+0.65,Matches
460,Christopher Schindler\Christopher-Schindler,de GER,DF,Huddersfield,28,1990,37,3260,88,95.3,36.2,1.02,88,0.97,0.00,,0.00,0.43,0.52,1.96,-1.44,-1.44,-0.31,0.75,1.68,-0.93,-0.93,-0.42,Matches
461,Jeffrey Schlupp\Jeffrey-Schlupp,gh GHA,MFFW,Crystal Palace,25,1992,30,1670,56,48.8,18.6,0.97,83,0.59,0.65,15,0.22,1.10,1.24,1.40,-0.16,-0.16,-0.21,1.27,1.46,-0.19,-0.19,-0.46,Matches
462,Kasper Schmeichel\Kasper-Schmeichel,dk DEN,GK,Leicester City,31,1986,38,3420,90,100.0,38.0,1.00,90,1.00,0.00,,0.00,1.37,1.34,1.26,0.08,+0.08,,1.30,1.12,0.18,+0.18,,Matches
463,Morgan Schneiderlin\Morgan-Schneiderlin,fr FRA,MF,Everton,28,1989,14,834,60,24.4,9.3,1.08,78,0.75,0.43,15,0.54,1.86,1.72,0.97,0.75,+0.76,+0.72,1.19,0.80,0.40,+0.40,+0.48,Matches
464,Ryan Schofield\Ryan-Schofield,eng ENG,GK,Huddersfield,18,1999,0,,,,,0,,0,0,,1,,,,,,,,,,,,Matches
465,André Schürrle\Andre-Schurrle,de GER,FWMF,Fulham,27,1990,24,1641,68,48.0,18.2,1.15,77,0.38,0.16,10,0.22,0.54,0.88,2.36,-1.48,-1.48,-0.47,0.92,1.69,-0.77,-0.77,-0.18,Matches
466,Ken Sema\Ken-Sema,se SWE,FWMF,Watford,24,1993,17,754,44,22.0,8.4,1.07,69,0.12,0.95,17,1.67,1.88,1.43,1.07,0.36,+0.36,+0.70,1.20,1.19,0.01,+0.01,+0.23,Matches
467,Jean Seri\Jean-Seri,ci CIV,MF,Fulham,27,1991,32,2244,70,65.6,24.9,1.08,79,0.56,0.20,21,0.08,0.72,1.04,2.17,-1.12,-1.12,+0.33,1.13,1.67,-0.54,-0.54,+0.39,Matches
468,Ryan Sessegnon\Ryan-Sessegnon,eng ENG,FWDF,Fulham,18,2000,35,2300,66,67.3,25.6,1.02,82,0.74,0.35,17,0.04,0.71,0.90,2.34,-1.45,-1.45,-0.64,1.09,1.89,-0.80,-0.81,-0.41,Matches
469,Steven Sessegnon\Steven-Sessegnon,eng ENG,DF,Fulham,18,2000,0,,,,,0,,0,0,,5,,,,,,,,,,,,Matches
470,Xherdan Shaqiri\Xherdan-Shaqiri,ch SUI,FWMF,Liverpool,26,1991,24,1064,44,31.1,11.8,0.93,77,0.34,1.10,17,1.10,2.46,2.88,0.51,2.37,+2.37,+0.88,2.10,0.85,1.25,+1.25,+0.15,Matches
471,Luke Shaw\Luke-Shaw,eng ENG,DF,Manchester Utd,23,1995,29,2591,89,75.8,28.8,1.01,89,0.97,0.00,,0.00,1.79,1.81,1.35,0.45,+0.45,+0.67,1.61,1.24,0.36,+0.37,+0.24,Matches
472,Jonjo Shelvey\Jonjo-Shelvey,eng ENG,MF,Newcastle Utd,26,1992,16,948,59,27.7,10.5,0.95,85,0.76,0.57,17,0.67,0.94,1.05,1.24,-0.19,-0.19,-0.04,0.99,1.43,-0.44,-0.44,-0.11,Matches
473,Gylfi Sigurðsson\Gylfi-Sigurdsson,is ISL,MF,Everton,28,1989,38,3117,82,91.1,34.6,1.04,85,0.49,0.06,26,0.00,1.42,1.47,1.18,0.29,+0.29,+0.88,1.27,1.16,0.10,+0.10,+0.72,Matches
474,Adrien Silva\Adrien-Silva,pt POR,MF,Leicester City,29,1989,2,88,44,2.6,1.0,1.00,80,0.00,1.00,8,2.00,1.50,0.00,1.00,-1.00,-1.02,-1.13,0.40,1.50,-1.00,-1.06,-1.28,Matches
475,Bernardo Silva\Bernardo-Silva,pt POR,MFFW,Manchester City,23,1994,36,2854,79,83.5,31.7,0.98,88,0.85,0.16,27,0.03,2.56,2.46,0.69,1.77,+1.77,-0.78,2.16,0.72,1.44,+1.44,-0.27,Matches
476,David Silva\David-Silva,es ESP,MF,Manchester City,32,1986,33,2401,73,70.2,26.7,1.05,83,0.49,0.19,17,0.07,2.61,2.25,0.52,1.72,+1.72,-0.57,2.18,0.61,1.57,+1.57,+0.27,Matches
477,Xande Silva\Xande-Silva,pt POR,FW,West Ham,21,1997,1,18,18,0.5,0.2,0.00,,0.00,5.00,17,20.0,0.00,0.00,0.00,0.00,0.00,+0.08,1.50,0.50,1.00,+0.92,+1.24,Matches
478,Danny Simpson\Danny-Simpson,eng ENG,DF,Leicester City,31,1987,6,292,49,8.5,3.2,0.94,82,0.31,0.94,15,2.19,1.83,1.25,1.25,0.00,0.00,-0.09,1.25,1.09,0.19,+0.17,-0.01,Matches
479,Jack Simpson\Jack-Simpson,eng ENG,DF,Bournemouth,21,1996,6,403,67,11.8,4.5,0.89,83,0.44,0.44,35,2.44,1.17,1.56,2.00,-0.44,-0.45,-0.09,1.18,1.80,-0.62,-0.61,-0.62,Matches
480,Josh Sims\Josh-Sims,eng ENG,FWMF,Southampton,21,1997,7,212,30,6.2,2.4,0.83,55,0.00,2.08,21,1.25,1.57,1.67,2.50,-0.83,-0.85,-0.34,1.21,1.25,-0.04,-0.03,+0.23,Matches
481,Moussa Sissoko\Moussa-Sissoko,fr FRA,MF,Tottenham,28,1989,29,2330,80,68.1,25.9,1.04,86,0.73,0.08,8,0.04,1.93,1.74,1.08,0.66,+0.66,-0.25,1.41,1.18,0.23,+0.23,-0.12,Matches
482,Oliver Skipp\Oliver-Skipp,eng ENG,MFFW,Tottenham,17,2000,8,220,28,6.4,2.4,0.83,75,0.00,2.50,12,5.42,2.75,1.67,0.42,1.25,+1.23,+0.52,1.00,1.50,-0.50,-0.49,-0.81,Matches
483,Callum Slattery\Callum-Slattery,eng ENG,MF,Southampton,19,1999,3,112,37,3.3,1.2,0.83,92,0.83,1.67,10,5.83,1.67,0.83,0.83,0.00,0.00,+0.54,1.08,2.25,-1.17,-1.14,-0.92,Matches
484,Chris Smalling\Chris-Smalling,eng ENG,DF,Manchester Utd,28,1989,24,2127,89,62.2,23.6,1.02,89,0.97,0.00,,0.17,1.58,1.48,1.53,-0.04,-0.04,-0.88,1.50,1.28,0.23,+0.23,-0.22,Matches
485,Adam Smith\Adam-Smith,eng ENG,DF,Bournemouth,27,1991,25,2066,83,60.4,23.0,1.09,83,0.78,0.00,,0.00,1.44,1.57,1.39,0.17,+0.17,+1.37,1.53,1.36,0.17,+0.17,+0.60,Matches
486,Tommy Smith\Tommy-Smith,eng ENG,DF,Huddersfield,26,1992,15,1141,76,33.4,12.7,1.02,82,0.87,0.16,36,0.79,0.33,0.87,2.76,-1.89,-1.89,-0.71,0.78,2.28,-1.49,-1.49,-0.88,Matches
487,Emile Smith-Rowe\Emile-Smith-Rowe,eng ENG,MF,Arsenal,18,2000,0,,,,,0,,0,0,,3,,,,,,,,,,,,Matches
488,Alex Smithies\Alex-Smithies,eng ENG,GK,Cardiff City,28,1990,0,,,,,0,,0,0,,26,,,,,,,,,,,,Matches
489,Robert Snodgrass\Robert-Snodgrass,sco SCO,MFFW,West Ham,30,1987,33,2220,67,64.9,24.7,1.01,82,0.61,0.32,23,0.12,1.30,1.30,1.34,-0.04,-0.04,+0.11,1.23,1.53,-0.30,-0.30,+0.04,Matches
490,Cédric Soares\Cedric-Soares,pt POR,DF,Southampton,26,1991,18,1495,83,43.7,16.6,0.96,88,0.90,0.12,44,0.00,0.89,0.90,1.87,-0.96,-0.96,-0.78,1.16,1.48,-0.32,-0.32,-0.12,Matches
491,Ramadan Sobhi\Ramadan-Sobhi,eg EGY,FW,Huddersfield,21,1997,4,79,20,2.3,0.9,0.00,,0.00,4.44,19,5.56,0.00,0.00,1.11,-1.11,-1.14,+0.29,0.56,1.44,-0.89,-0.87,+0.04,Matches
492,Dominic Solanke\Dominic-Solanke,eng ENG,FW,Bournemouth,20,1997,10,347,35,10.1,3.9,0.51,79,0.00,2.05,24,0.26,0.90,1.54,1.28,0.26,+0.26,+0.70,1.87,1.59,0.26,+0.27,+0.37,Matches
493,Pape Souaré\Pape-Souare,sn SEN,DF,Crystal Palace,28,1990,1,1,1,0.0,0.0,0,,0,1,0,0,3.00,0,0,0,0.00,+0.05,0.1,0.0,+0.1,+5.48,+5.44,Matches
494,Çağlar Söyüncü\Caglar-Soyuncu,tr TUR,DF,Leicester City,22,1996,6,372,62,10.9,4.1,0.98,88,0.73,0.49,11,2.20,1.50,1.22,0.98,0.24,+0.24,+0.18,1.95,1.32,0.66,+0.64,+0.52,Matches
495,Julián Speroni\Julian-Speroni,ar ARG,GK,Crystal Palace,39,1979,1,90,90,2.6,1.0,1.00,90,1.00,0.00,,4.00,0.00,3.00,4.00,-1.00,-1.00,-0.97,0.70,2.50,-1.70,-1.75,-1.84,Matches
496,Junior Stanislas\Junior-Stanislas,eng ENG,MFFW,Bournemouth,28,1989,23,1031,45,30.1,11.5,0.96,76,0.26,1.04,16,0.00,1.13,1.04,2.09,-1.04,-1.05,-0.97,1.54,1.48,0.06,+0.06,+0.19,Matches
497,Jason Steele\Jason-Steele,eng ENG,GK,Brighton,27,1990,0,,,,,0,,0,0,,13,,,,,,,,,,,,Matches
498,Maarten Stekelenburg\Maarten-Stekelenburg,nl NED,GK,Everton,35,1982,0,,,,,0,,0,0,,38,,,,,,,,,,,,Matches
499,Dale Stephens\Dale-Stephens,eng ENG,MF,Brighton,29,1989,30,2485,83,72.7,27.6,1.05,85,0.94,0.04,11,0.04,0.83,0.94,1.63,-0.69,-0.69,-0.11,0.93,1.55,-0.62,-0.62,-0.15,Matches
500,Jack Stephens\Jack-Stephens,eng ENG,DF,Southampton,24,1994,24,1700,71,49.7,18.9,1.01,85,0.90,0.26,15,0.42,1.04,0.95,1.85,-0.90,-0.90,-0.74,1.15,1.47,-0.32,-0.32,-0.13,Matches
501,Kazaiah Sterling\Kazaiah-Sterling,eng ENG,FW,Tottenham,19,1998,0,,,,,0,,0,0,,1,,,,,,,,,,,,Matches
502,Raheem Sterling\Raheem-Sterling,eng ENG,FW,Manchester City,23,1994,34,2771,82,81.0,30.8,1.01,86,0.71,0.10,30,0.13,2.53,2.44,0.62,1.82,+1.82,-0.40,2.08,0.68,1.40,+1.40,-0.44,Matches
503,Jamie Sterry\Jamie-Sterry,eng ENG,DF,Newcastle Utd,22,1995,0,,,,,0,,0,0,,4,,,,,,,,,,,,Matches
504,John Stones\John-Stones,eng ENG,DF,Manchester City,24,1994,24,1764,74,51.6,19.6,1.02,87,0.92,0.20,7,0.51,2.42,2.45,0.77,1.68,+1.68,-0.44,1.98,0.80,1.18,+1.18,-0.62,Matches
505,Daniel Sturridge\Daniel-Sturridge,eng ENG,FWMF,Liverpool,28,1989,18,509,28,14.9,5.7,0.70,89,0.53,2.46,11,2.98,2.39,2.98,0.88,2.11,+2.12,+0.42,1.82,1.04,0.79,+0.80,-0.40,Matches
506,Denis Suárez\Denis-Suarez,es ESP,FW,Arsenal,24,1994,4,71,18,2.1,0.8,0.00,,0.00,5.00,17,5.00,2.25,1.25,1.25,0.00,0.00,-0.59,0.25,1.88,-1.63,-1.66,-1.77,Matches
507,Isaac Success\Isaac-Success,ng NGA,FWMF,Watford,22,1996,30,1052,35,30.8,11.7,0.77,83,0.26,1.79,15,0.26,1.13,1.28,1.79,-0.51,-0.51,-0.48,1.23,1.32,-0.09,-0.09,+0.11,Matches
508,Ki Sung-yueng\Ki-Sung-yueng,kr KOR,MF,Newcastle Utd,29,1989,18,1302,72,38.1,14.5,0.97,86,0.69,0.28,23,0.41,1.39,1.17,1.38,-0.21,-0.21,-0.08,1.07,1.35,-0.28,-0.28,+0.12,Matches
509,Andrew Surman\Andrew-Surman,eng ENG,MF,Bournemouth,31,1986,18,1439,80,42.1,16.0,1.00,89,0.94,0.13,6,0.75,1.06,1.00,2.31,-1.31,-1.31,-1.63,1.16,1.61,-0.46,-0.46,-0.67,Matches
510,Sam Surridge\Sam-Surridge,eng ENG,FWDF,Bournemouth,20,1998,2,13,7,0.4,0.1,0.00,,0.00,20.0,6,80.0,0.00,0.00,0.00,0.00,0.00,+0.37,6.00,2.00,4.00,+2.68,+2.76,Matches
511,Markus Suttner\Markus-Suttner,at AUT,DFGK,Brighton,31,1987,0,,,,,0,,0,0,,1,,,,,,,,,,,,Matches
512,Alexander Sørloth\Alexander-Sorloth,no NOR,FWMF,Crystal Palace,22,1995,12,185,15,5.4,2.1,0.00,,0.00,5.71,14,2.38,0.92,0.95,1.43,-0.48,-0.49,-0.46,2.33,1.71,0.62,+0.61,+0.60,Matches
513,Matt Targett\Matt-Targett,eng ENG,DFMF,Southampton,22,1995,16,1186,74,34.7,13.2,0.98,83,0.83,0.23,36,0.91,1.19,1.36,1.89,-0.53,-0.53,-0.01,1.24,1.77,-0.53,-0.53,-0.43,Matches
514,James Tarkowski\James-Tarkowski,eng ENG,DF,Burnley,25,1992,35,3086,88,90.2,34.3,1.02,88,0.99,0.00,,0.03,1.11,1.22,1.84,-0.61,-0.61,-0.07,1.14,1.64,-0.50,-0.50,+0.55,Matches
515,Nikola Tavares\Nikola-Tavares,hr CRO,DF,Crystal Palace,19,1999,0,,,,,0,,0,0,,1,,,,,,,,,,,,Matches
516,Charlie Taylor\Charlie-Taylor,eng ENG,DF,Burnley,24,1993,38,3243,85,94.8,36.0,0.97,90,0.97,0.08,30,0.00,1.05,1.19,1.78,-0.58,-0.58,+0.43,1.12,1.70,-0.58,-0.58,-0.47,Matches
517,Kyle Taylor\Kyle-Taylor,eng ENG,MF,Bournemouth,19,1999,0,,,,,0,,0,0,,6,,,,,,,,,,,,Matches
518,Youri Tielemans\Youri-Tielemans,be BEL,MF,Leicester City,21,1997,13,1086,84,31.8,12.1,1.07,84,0.58,0.00,,0.00,1.54,1.49,1.16,0.33,+0.33,+0.37,1.50,1.03,0.47,+0.47,+0.43,Matches
519,James Tomkins\James-Tomkins,eng ENG,DF,Crystal Palace,29,1989,29,2560,88,74.9,28.4,1.02,88,0.92,0.00,,0.00,1.21,1.23,1.30,-0.07,-0.07,-0.07,1.27,1.19,0.08,+0.09,+0.17,Matches
520,Lucas Torreira\Lucas-Torreira,uy URU,MF,Arsenal,22,1996,34,2382,70,69.6,26.5,0.91,85,0.75,0.38,34,0.00,1.79,2.08,1.43,0.64,+0.64,+0.21,1.56,1.44,0.12,+0.12,+0.17,Matches
521,Cenk Tosun\Cenk-Tosun,tr TUR,FW,Everton,27,1991,25,1059,42,31.0,11.8,0.85,82,0.34,1.27,16,0.93,1.16,1.78,1.44,0.34,+0.34,+0.19,1.19,1.30,-0.09,-0.10,-0.20,Matches
522,Andros Townsend\Andros-Townsend,eng ENG,FWMF,Crystal Palace,27,1991,38,3009,79,88.0,33.4,1.02,87,0.63,0.12,13,0.00,1.29,1.23,1.38,-0.15,-0.15,-0.81,1.32,1.22,0.10,+0.10,+0.44,Matches
523,Adama Traoré\Adama-Traore,es ESP,FWDF,Wolves,22,1996,29,902,31,26.4,10.0,0.80,65,0.00,2.10,18,0.80,1.21,0.90,1.30,-0.40,-0.40,-0.58,1.38,1.06,0.32,+0.32,+0.03,Matches
524,Mark Travers\Mark-Travers,ie IRL,GK,Bournemouth,19,1999,2,180,90,5.3,2.0,1.00,90,1.00,0.00,,0.00,1.50,2.00,2.50,-0.50,-0.50,-0.14,1.70,1.35,0.35,+0.35,+0.43,Matches
525,Kieran Trippier\Kieran-Trippier,eng ENG,DF,Tottenham,27,1990,27,2276,84,66.5,25.3,1.03,87,0.91,0.04,21,0.16,2.04,1.70,0.91,0.79,+0.79,+0.16,1.48,1.13,0.35,+0.35,+0.25,Matches
526,Antonio Valencia\Antonio-Valencia,ec ECU,DFMF,Manchester Utd,32,1985,6,466,78,13.6,5.2,0.96,90,0.77,0.19,16,0.58,1.67,1.35,0.96,0.38,+0.39,+0.11,1.98,0.88,1.10,+1.11,+0.92,Matches
527,Yan Valery\Yan-Valery,fr FRA,DFMF,Southampton,19,1999,23,1712,74,50.1,19.0,1.05,83,0.74,0.16,19,0.05,1.35,1.42,1.53,-0.11,-0.11,+0.84,1.12,1.43,-0.32,-0.31,-0.13,Matches
528,Jamie Vardy\Jamie-Vardy,eng ENG,FW,Leicester City,31,1987,34,2726,80,79.7,30.3,0.99,86,0.56,0.13,34,0.00,1.41,1.49,1.19,0.30,+0.30,+1.08,1.37,1.11,0.27,+0.27,+0.43,Matches
529,Jan Vertonghen\Jan-Vertonghen,be BEL,DF,Tottenham,31,1987,22,1911,87,55.9,21.2,1.04,87,0.85,0.00,,0.05,1.82,1.56,1.08,0.47,+0.47,-0.60,1.54,1.21,0.33,+0.32,+0.12,Matches
530,Jannik Vestergaard\Jannik-Vestergaard,dk DEN,DF,Southampton,25,1992,23,2027,88,59.3,22.5,1.02,88,0.89,0.00,,0.31,1.30,1.29,1.38,-0.09,-0.09,+1.07,1.11,1.41,-0.31,-0.31,-0.14,Matches
531,Luciano Vietto\Luciano-Vietto,ar ARG,FWMF,Fulham,24,1993,20,986,49,28.8,11.0,0.91,73,0.27,0.91,26,0.91,0.60,1.27,1.91,-0.64,-0.64,+0.84,1.20,1.80,-0.60,-0.61,+0.09,Matches
532,Rúben Vinagre\Ruben-Vinagre,pt POR,DFMF,Wolves,19,1999,17,710,42,20.8,7.9,0.89,85,0.51,1.27,11,2.41,1.65,1.77,1.14,0.63,+0.63,+0.77,1.61,0.91,0.70,+0.70,+0.51,Matches
533,Sam Vokes\Sam-Vokes,wal WAL,FW,Burnley,28,1989,20,915,46,26.8,10.2,0.98,76,0.20,0.98,16,0.39,0.75,0.78,1.96,-1.18,-1.18,-0.79,0.83,2.24,-1.40,-1.41,-1.16,Matches
534,Michel Vorm\Michel-Vorm,nl NED,GK,Tottenham,34,1983,2,180,90,5.3,2.0,1.00,90,1.00,0.00,,2.00,0.00,1.00,2.00,-1.00,-1.00,-1.83,0.85,1.50,-0.70,-0.69,-1.01,Matches
535,Matěj Vydra\Matej-Vydra,cz CZE,FWMF,Burnley,26,1992,13,318,24,9.3,3.5,0.86,70,0.00,2.86,11,6.00,0.54,1.71,2.00,-0.29,-0.28,+0.36,1.11,2.37,-1.26,-1.25,-0.77,Matches
536,Theo Walcott\Theo-Walcott,eng ENG,FWMF,Everton,29,1989,37,2119,57,62.0,23.5,1.02,79,0.34,0.55,17,0.04,1.38,1.53,1.40,0.13,+0.13,-0.22,1.15,1.26,-0.11,-0.11,-0.41,Matches
537,Kyle Walker\Kyle-Walker,eng ENG,DF,Manchester City,28,1990,33,2779,84,81.3,30.9,0.97,90,0.94,0.10,26,0.13,2.61,2.36,0.55,1.81,+1.81,-0.43,2.10,0.64,1.46,+1.46,-0.12,Matches
538,Kyle Walker-Peters\Kyle-Walker-Peters,eng ENG,DF,Tottenham,21,1997,6,376,63,11.0,4.2,0.95,91,0.95,0.48,7,4.05,2.17,3.10,0.95,2.14,+2.15,+1.59,1.57,1.31,0.26,+0.26,-0.01,Matches
539,Jonathan Walters\Jonathan-Walters,ie IRL,FWMF,Burnley,34,1983,0,,,,,0,,0,0,,1,,,,,,,,,,,,Matches
540,Aaron Wan-Bissaka\Aaron-Wan-Bissaka,eng ENG,DF,Crystal Palace,20,1997,35,3134,90,91.6,34.8,1.01,90,0.98,0.00,,0.00,1.31,1.29,1.32,-0.03,-0.03,+0.29,1.32,1.29,0.04,+0.04,-0.08,Matches
541,Victor Wanyama\Victor-Wanyama,ke KEN,MF,Tottenham,27,1991,13,516,40,15.1,5.7,0.70,81,0.35,1.58,21,1.23,1.77,1.40,0.70,0.70,+0.70,-0.05,1.44,1.12,0.32,+0.32,+0.06,Matches
542,Danny Ward\Danny-Ward,eng ENG,FW,Cardiff City,26,1991,14,445,32,13.0,4.9,0.82,72,0.00,2.04,16,0.41,0.29,0.82,2.86,-2.04,-2.02,-1.27,1.35,1.71,-0.35,-0.35,+0.26,Matches
543,Danny Ward\Danny-Ward,wal WAL,GK,Leicester City,25,1993,0,,,,,0,,0,0,,38,,,,,,,,,,,,Matches
544,Joel Ward\Joel-Ward,eng ENG,DF,Crystal Palace,28,1989,7,552,79,16.1,6.1,0.98,90,0.98,0.16,11,4.10,1.71,2.79,2.30,0.49,+0.49,+0.65,1.67,1.46,0.21,+0.21,+0.20,Matches
545,Stephen Ward\Stephen-Ward,ie IRL,DF,Burnley,32,1985,3,228,76,6.7,2.5,1.20,76,0.40,0.00,,4.80,0.33,1.20,2.40,-1.20,-1.18,-0.62,1.16,1.28,-0.12,-0.13,+0.46,Matches
546,James Ward-Prowse\James-Ward-Prowse,eng ENG,MFDF,Southampton,23,1994,26,1945,75,56.9,21.6,0.97,89,0.88,0.23,15,0.42,1.04,1.30,1.90,-0.60,-0.60,-0.17,1.22,1.53,-0.32,-0.32,-0.16,Matches
547,Kelland Watts\Kelland-Watts,eng ENG,DF,Newcastle Utd,18,1999,0,,,,,0,,0,0,,1,,,,,,,,,,,,Matches
548,Danny Welbeck\Danny-Welbeck,eng ENG,FWMF,Arsenal,27,1990,8,153,19,4.5,1.7,0.59,68,0.00,4.12,12,1.18,2.50,3.53,1.76,1.76,+1.76,+1.24,1.35,1.47,-0.12,-0.13,-0.21,Matches
549,Ashley Westwood\Ashley-Westwood,eng ENG,MF,Burnley,28,1990,34,2824,83,82.6,31.4,0.99,90,0.96,0.10,16,0.10,1.15,1.40,1.75,-0.35,-0.35,+1.46,1.18,1.57,-0.39,-0.39,+0.94,Matches
550,Ben White\Ben-White,eng ENG,DF,Brighton,20,1997,0,,,,,0,,0,0,,1,,,,,,,,,,,,Matches
551,Alfie Whiteman\Alfie-Whiteman,eng ENG,GK,Tottenham,19,1998,0,,,,,0,,0,0,,2,,,,,,,,,,,,Matches
552,Connor Wickham\Connor-Wickham,eng ENG,FW,Crystal Palace,25,1993,6,67,11,2.0,0.7,0.00,,0.00,8.57,10,5.71,1.17,2.86,1.43,1.43,+1.34,+1.42,4.00,1.71,2.29,+2.12,+2.11,Matches
553,Georginio Wijnaldum\Georginio-Wijnaldum,nl NED,MF,Liverpool,27,1990,35,2725,78,79.7,30.3,1.06,83,0.63,0.10,28,0.00,2.57,2.28,0.53,1.75,+1.75,-0.06,1.88,0.80,1.09,+1.09,-0.30,Matches
554,Danny Williams\Danny-Williams,us USA,MF,Huddersfield,29,1989,5,96,19,2.8,1.1,0.91,73,0.00,3.64,6,4.55,0.60,0.00,0.91,-0.91,-0.94,+0.50,0.36,1.64,-1.18,-1.24,-0.35,Matches
555,Willian\Willian,br BRA,FW,Chelsea,29,1988,32,2097,66,61.3,23.3,1.12,76,0.39,0.26,21,0.21,1.94,1.63,1.07,0.56,+0.56,-0.19,1.55,0.94,0.60,+0.60,-0.03,Matches
556,Joe Willock\Joe-Willock,eng ENG,MF,Arsenal,18,1999,2,64,32,1.9,0.7,1.43,62,0.00,1.43,2,5.71,3.00,1.43,1.43,0.00,0.00,-0.59,1.14,1.86,-0.71,-0.67,-0.76,Matches
557,Ben Wilmot\Ben-Wilmot,eng ENG,MF,Watford,18,1999,2,28,14,0.8,0.3,0.00,,0.00,6.67,13,16.7,1.50,0.00,6.67,-6.67,-6.43,-6.30,0.33,1.67,-1.33,-1.24,-1.08,Matches
558,Jack Wilshere\Jack-Wilshere,eng ENG,MF,West Ham,26,1992,8,392,49,11.5,4.4,0.91,84,0.68,0.91,14,0.23,1.25,1.59,2.27,-0.68,-0.69,-0.69,1.73,1.84,-0.11,-0.11,+0.23,Matches
559,Callum Wilson\Callum-Wilson,eng ENG,FW,Bournemouth,26,1992,30,2528,84,73.9,28.1,1.03,86,0.75,0.04,32,0.00,1.37,1.67,1.67,0.00,0.00,+1.41,1.49,1.36,0.14,+0.14,+0.78,Matches
560,Harry Winks\Harry-Winks,eng ENG,MF,Tottenham,22,1996,26,1597,61,46.7,17.7,0.96,87,0.79,0.51,13,0.11,2.08,1.92,0.96,0.96,+0.96,+0.41,1.46,1.16,0.29,+0.29,+0.04,Matches
561,Chris Wood\Chris-Wood,nz NZL,FW,Burnley,26,1991,38,2588,68,75.7,28.8,1.01,83,0.45,0.31,22,0.00,1.05,1.22,1.70,-0.49,-0.49,+0.49,1.13,1.49,-0.36,-0.36,+0.81,Matches
562,Freddie Woodman\Freddie-Woodman,eng ENG,GK,Newcastle Utd,21,1997,0,,,,,0,,0,0,,15,,,,,,,,,,,,Matches
563,Sam Woods\Sam-Woods,eng ENG,DF,Crystal Palace,19,1998,0,,,,,0,,0,0,,1,,,,,,,,,,,,Matches
564,Granit Xhaka\Granit-Xhaka,ch SUI,MFDF,Arsenal,25,1992,29,2498,86,73.0,27.8,1.04,86,0.90,0.00,,0.07,1.86,1.94,1.33,0.61,+0.61,+0.12,1.54,1.39,0.15,+0.15,+0.30,Matches
565,Andriy Yarmolenko\Andriy-Yarmolenko,ua UKR,FWMF,West Ham,28,1989,9,459,51,13.4,5.1,0.98,71,0.20,0.78,27,0.00,0.78,0.98,1.18,-0.20,-0.20,-0.14,0.86,1.27,-0.41,-0.41,-0.11,Matches
566,DeAndre Yedlin\DeAndre-Yedlin,us USA,DF,Newcastle Utd,25,1993,29,2473,85,72.3,27.5,1.02,88,0.91,0.04,6,0.18,0.97,1.02,1.45,-0.44,-0.44,-1.01,1.04,1.52,-0.48,-0.48,-0.44,Matches
567,Maya Yoshida\Maya-Yoshida,jp JPN,DF,Southampton,29,1988,17,1518,89,44.4,16.9,1.01,89,0.89,0.00,,0.71,1.29,1.54,1.72,-0.18,-0.18,+0.63,1.24,1.30,-0.06,-0.06,+0.34,Matches
568,Ashley Young\Ashley-Young,eng ENG,DF,Manchester Utd,33,1985,30,2569,86,75.1,28.5,0.98,89,0.95,0.07,41,0.21,1.63,1.75,1.51,0.25,+0.25,-0.18,1.52,1.34,0.18,+0.18,-0.52,Matches
569,Pablo Zabaleta\Pablo-Zabaleta,ar ARG,DF,West Ham,33,1985,26,2092,80,61.2,23.2,0.99,87,0.86,0.13,32,0.30,1.38,1.51,1.51,0.00,0.00,+0.20,1.35,1.47,-0.12,-0.12,+0.51,Matches
570,Wilfried Zaha\Wilfried-Zaha,ci CIV,FW,Crystal Palace,25,1992,34,3036,89,88.8,33.7,1.01,89,0.86,0.00,,0.00,1.26,1.42,1.45,-0.03,-0.03,+0.20,1.32,1.25,0.07,+0.07,+0.22,Matches
571,Andre-Frank Zambo Anguissa\Andre-Frank-Zambo-Anguissa,cm CMR,MF,Fulham,22,1995,22,1517,69,44.4,16.9,0.95,85,0.53,0.36,26,0.24,0.64,0.77,1.89,-1.12,-1.13,+0.20,1.05,1.74,-0.69,-0.69,-0.03,Matches
572,Davide Zappacosta\Davide-Zappacosta,it ITA,DF,Chelsea,26,1992,4,128,32,3.7,1.4,0.71,93,0.71,2.14,12,13.6,2.50,0.71,0.00,0.71,+0.70,+0.07,1.36,0.64,0.79,+0.75,+0.14,Matches
573,Oleksandr Zinchenko\Oleksandr-Zinchenko,ua UKR,DF,Manchester City,21,1996,14,1151,82,33.7,12.8,1.09,82,0.94,0.00,,0.55,3.00,2.27,0.31,1.95,+1.95,+0.09,2.20,0.52,1.67,+1.67,+0.28,Matches
574,Kenneth Zohore\Kenneth-Zohore,dk DEN,FW,Cardiff City,24,1994,19,753,40,22.0,8.4,0.83,79,0.24,1.43,17,0.71,0.74,0.95,2.26,-1.31,-1.31,-0.50,1.11,1.96,-0.86,-0.86,-0.36,Matches
575,Kurt Zouma\Kurt-Zouma,fr FRA,DF,Everton,23,1994,32,2612,82,76.4,29.0,1.00,90,0.97,0.10,0,0.07,1.31,1.38,1.34,0.03,+0.03,-0.75,1.25,1.16,0.09,+0.09,+0.20,Matches