Squad,# Pl,90s,GA,PKA,FK,CK,OG,PSxG,PSxG/SoT,PSxG+/-,/90,Cmp,Att,Cmp%,Att,Thr,Launch%,AvgLen,Att,Launch%,AvgLen,Opp,Stp,Stp%,#OPA,#OPA/90,AvgDist
gr AEK Athens,1,6.0,2.17,0.33,0.17,0.50,0.00,2.42,0.33,0.25,+0.25,11.3,25.8,43.9,26.2,2.67,72.0,50.1,9.00,77.8,54.5,12.0,1.67,13.9,0.17,0.17,2.02
nl Ajax,1,12.0,1.08,0.08,0.00,0.17,0.00,1.47,0.35,0.38,+0.38,4.25,15.8,27.0,25.5,4.33,44.4,38.6,7.25,60.9,51.3,6.58,0.83,12.7,0.42,0.42,1.18
es Atlético Madrid,1,8.0,1.13,0.13,0.00,0.00,0.00,0.90,0.33,-0.23,-0.23,5.00,14.3,35.1,12.8,1.00,57.8,43.5,7.38,93.2,61.4,7.75,0.88,11.3,0.13,0.13,1.64
es Barcelona,2,12.0,0.83,0.00,0.00,0.25,0.00,1.05,0.29,0.22,+0.22,6.83,12.2,56.2,27.8,5.83,31.8,32.5,6.67,50.0,41.9,8.33,0.58,7.0,0.25,0.25,1.12
de Bayern Munich,1,8.0,1.00,0.13,0.00,0.13,0.00,1.19,0.29,0.19,+0.19,7.88,15.9,49.6,36.3,5.63,36.6,33.8,6.25,42.0,40.3,6.75,0.25,3.7,0.63,0.63,1.76
pt Benfica,1,6.0,1.83,0.00,0.00,0.50,0.00,1.98,0.33,0.15,+0.14,7.00,16.7,42.0,24.8,4.17,55.7,43.8,5.50,51.5,46.6,3.67,0.67,18.2,0.67,0.67,2.80
be Club Brugge,2,6.0,0.83,0.00,0.00,0.17,0.00,0.92,0.23,0.08,+0.08,7.50,19.5,38.5,19.8,4.50,61.3,46.4,9.00,81.5,58.1,8.50,0.33,3.9,0.17,0.17,2.12
ru CSKA Moscow,3,6.0,1.50,0.00,0.00,0.33,0.00,2.17,0.32,0.67,+0.66,8.33,26.7,31.3,25.5,5.67,70.6,53.4,10.3,83.9,66.8,12.0,0.83,6.9,0.33,0.33,2.03
de Dortmund,2,8.0,0.75,0.00,0.00,0.13,0.00,0.82,0.29,0.07,+0.07,4.50,11.9,37.9,28.1,5.00,32.0,34.3,5.63,51.1,41.8,8.63,0.38,4.3,0.63,0.63,1.94
tr Galatasaray,1,6.0,1.33,0.17,0.00,0.33,0.17,1.82,0.44,0.65,+0.65,7.33,18.5,39.6,28.0,4.33,50.0,41.7,8.00,56.3,48.4,7.50,0.50,6.7,0.67,0.67,2.32
de Hoffenheim,1,6.0,2.33,0.00,0.17,0.33,0.00,2.17,0.29,-0.17,-0.17,6.67,16.8,39.6,27.3,4.67,41.5,35.1,9.00,61.1,48.3,7.33,0.50,6.8,1.00,1.00,2.80
it Inter,1,6.0,1.17,0.00,0.00,0.00,0.00,1.72,0.24,0.55,+0.55,5.83,11.7,50.0,26.8,6.67,28.0,29.8,7.17,58.1,43.2,7.00,0.33,4.8,0.33,0.33,2.35
it Juventus,1,10.0,0.90,0.10,0.10,0.20,0.10,0.97,0.26,0.17,+0.17,7.40,13.7,54.0,21.7,3.60,42.9,39.3,7.20,61.1,50.3,6.90,0.20,2.9,0.90,0.90,1.40
eng Liverpool,1,13.0,0.92,0.00,0.08,0.15,0.08,1.24,0.30,0.39,+0.39,4.69,10.9,43.0,27.7,5.69,27.2,32.3,6.62,51.2,44.4,6.69,0.62,9.2,0.85,0.85,1.33
ru Loko Moscow,1,6.0,2.00,0.33,0.17,0.50,0.00,1.27,0.19,-0.73,-0.73,8.50,20.8,40.8,24.0,5.00,63.9,45.5,6.67,82.5,55.7,8.33,1.67,20.0,0.67,0.67,2.50
fr Lyon,2,8.0,2.00,0.13,0.00,0.13,0.00,2.05,0.30,0.05,+0.05,6.38,16.5,38.6,22.3,3.88,47.2,40.8,8.88,67.6,52.6,9.50,0.25,2.6,0.50,0.50,1.71
eng Manchester City,1,10.0,1.20,0.30,0.00,0.10,0.00,1.01,0.27,-0.19,-0.19,4.10,6.90,59.4,23.1,3.80,19.9,28.9,4.80,47.9,45.5,3.80,0.20,5.3,1.30,1.30,2.03
eng Manchester Utd,2,10.0,1.10,0.00,0.00,0.10,0.20,1.00,0.29,0.10,+0.10,7.20,14.7,49.0,15.9,3.70,54.1,43.6,8.30,73.5,57.0,8.50,0.30,3.5,0.00,0.00,1.03
fr Monaco,3,6.0,2.33,0.17,0.00,0.17,0.00,1.90,0.40,-0.43,-0.43,5.00,11.2,44.8,18.7,3.17,41.1,36.3,8.17,42.9,41.4,6.50,0.50,7.7,0.50,0.50,2.77
it Napoli,1,6.0,0.83,0.00,0.00,0.00,0.17,0.83,0.24,0.17,+0.16,6.33,16.0,39.6,28.8,5.00,41.0,35.8,6.83,61.0,46.7,7.33,0.50,6.8,0.67,0.67,2.33
fr Paris S-G,2,8.0,1.50,0.50,0.00,0.13,0.00,1.20,0.24,-0.30,-0.29,3.75,9.63,39.0,20.1,3.63,28.0,29.6,6.88,58.2,45.4,7.50,0.13,1.7,0.38,0.38,1.57
pt Porto,1,10.3,1.46,0.29,0.00,0.19,0.00,1.25,0.31,-0.20,-0.20,7.77,18.3,42.3,29.0,2.91,47.5,40.1,7.28,62.7,49.0,7.77,0.78,10.0,0.78,0.77,1.62
nl PSV Eindhoven,1,6.0,2.17,0.00,0.17,0.00,0.00,2.37,0.28,0.20,+0.20,9.17,23.2,39.6,21.5,4.17,62.8,47.6,12.2,79.5,61.7,15.0,1.00,6.7,0.17,0.17,1.85
es Real Madrid,2,8.0,1.25,0.00,0.13,0.13,0.00,1.41,0.31,0.16,+0.16,5.88,13.1,44.8,23.6,5.13,39.2,38.5,7.50,51.7,48.3,6.38,0.38,5.9,0.63,0.63,2.09
rs Red Star,1,6.0,2.83,0.17,0.33,0.17,0.00,2.78,0.27,-0.05,-0.04,8.67,24.2,35.9,25.3,3.67,63.8,47.9,11.0,72.7,56.3,10.8,1.00,9.2,0.50,0.50,2.32
it Roma,2,8.3,1.45,0.12,0.12,0.12,0.00,1.73,0.31,0.29,+0.29,5.90,14.8,39.8,25.5,5.90,35.8,34.3,8.43,67.1,51.5,8.80,0.84,9.6,0.36,0.36,1.78
de Schalke 04,2,8.0,1.75,0.25,0.13,0.38,0.00,1.64,0.36,-0.11,-0.12,4.88,13.3,36.8,19.9,4.13,45.3,40.1,6.50,65.4,50.3,4.75,0.38,7.9,0.13,0.13,1.59
ua Shakhtar,1,6.0,2.67,0.33,0.00,0.33,0.00,2.28,0.35,-0.38,-0.38,8.17,18.0,45.4,30.7,7.50,41.3,37.1,9.67,55.2,46.3,10.5,2.00,19.0,0.83,0.83,2.63
eng Tottenham,3,13.0,1.46,0.08,0.00,0.31,0.00,1.28,0.29,-0.18,-0.18,6.85,14.0,48.9,27.8,4.92,35.2,34.3,7.85,53.9,45.1,6.77,0.62,9.1,0.38,0.39,1.16
es Valencia,2,6.0,1.00,0.50,0.00,0.00,0.00,1.80,0.32,0.80,+0.80,5.50,13.8,39.8,15.7,4.83,55.3,42.8,8.00,64.6,51.1,11.3,0.83,7.4,0.33,0.33,2.23
cz Viktoria Plzeň,2,6.0,2.67,0.33,0.00,0.67,0.00,2.40,0.31,-0.27,-0.26,11.8,26.0,45.5,28.5,6.50,64.9,44.9,9.50,78.9,55.2,10.5,0.67,6.3,0.17,0.17,2.18
ch Young Boys,2,6.0,2.00,0.17,0.00,0.00,0.00,1.93,0.37,-0.07,-0.06,12.7,28.0,45.2,29.2,4.17,65.7,47.8,9.33,94.6,64.6,10.7,0.67,6.3,0.67,0.67,2.38