Squad,# Pl,Poss,90s,Touches,Def Pen,Def 3rd,Mid 3rd,Att 3rd,Att Pen,Live,Succ,Att,Succ%,#Pl,Megs,Carries,TotDist,PrgDist,Prog,1/3,CPA,Mis,Dis,Targ,Rec,Rec%,Prog
gr AEK Athens,20,40.5,6.0,526.7,73.8,193.2,267.8,97.5,11.8,479.7,10.2,16.8,60.4,10.5,0.67,347.3,1784.2,875.7,32.8,9.50,3.17,9.50,13.0,371.7,321.3,86.5,26.0
nl Ajax,22,53.3,12.0,665.6,62.5,196.1,324.5,184.3,28.8,619.8,12.0,20.3,59.3,13.1,0.75,461.4,2143.5,1124.6,45.6,14.7,4.42,13.2,12.1,510.7,432.6,84.7,47.7
es Atlético Madrid,21,49.0,8.0,641.3,44.6,150.5,333.5,194.0,24.9,596.1,8.13,14.3,57.0,9.75,0.38,431.9,2148.5,1113.6,54.0,15.0,3.50,10.3,10.1,495.4,429.8,86.8,48.8
es Barcelona,23,61.3,12.0,820.1,68.8,225.3,430.6,215.1,29.6,774.6,14.3,21.6,66.4,14.8,0.67,621.6,2583.0,1422.8,58.8,20.0,4.83,10.3,10.8,693.8,623.4,89.9,46.5
de Bayern Munich,20,56.8,8.0,739.4,68.8,257.8,366.0,163.4,31.5,696.4,7.50,14.4,52.2,8.88,0.50,524.1,2486.8,1397.8,55.3,16.9,6.75,11.6,12.4,592.9,523.3,88.3,45.3
pt Benfica,20,44.5,6.0,582.5,56.3,193.3,290.2,132.7,19.8,536.7,8.67,16.2,53.6,10.2,0.33,385.8,1826.7,972.0,38.0,12.0,3.67,9.67,11.5,415.3,362.3,87.2,40.8
be Club Brugge,25,40.2,6.0,561.2,62.0,182.3,276.7,137.7,13.5,519.8,5.83,8.67,67.3,6.33,0.00,358.7,1738.2,908.8,37.0,13.2,2.00,12.5,12.0,405.8,355.8,87.7,39.7
ru CSKA Moscow,22,44.7,6.0,561.7,70.7,199.2,256.5,140.8,22.3,514.0,8.83,15.5,57.0,9.67,0.33,359.5,1704.3,958.8,38.5,13.3,4.00,10.3,9.83,420.2,344.2,81.9,40.7
de Dortmund,24,60.6,8.0,860.8,55.0,217.1,479.5,223.3,28.6,819.3,11.8,18.8,62.7,13.0,1.13,671.9,3169.9,1672.1,76.6,21.8,6.00,12.5,13.3,717.0,658.4,91.8,50.9
tr Galatasaray,21,53.8,6.0,610.0,57.5,181.0,310.5,149.3,20.2,559.0,11.0,16.3,67.3,12.3,0.83,421.2,1972.7,1075.8,45.7,11.2,3.33,12.0,12.8,467.3,403.2,86.3,41.5
de Hoffenheim,25,44.8,6.0,553.3,56.0,185.7,267.7,139.3,26.8,506.8,10.2,15.7,64.9,10.7,0.33,370.2,2038.2,1203.2,38.2,13.8,3.83,9.33,11.8,415.0,355.3,85.6,46.5
it Inter,17,47.0,6.0,619.5,70.0,218.7,297.8,143.8,23.7,573.5,6.67,13.3,50.0,6.67,0.50,418.2,2183.8,1114.3,42.3,13.0,3.00,9.83,6.67,481.3,411.2,85.4,42.0
it Juventus,22,55.0,10.0,676.6,56.9,187.1,361.6,173.2,25.2,628.9,13.0,21.2,61.3,14.1,0.80,487.8,2382.9,1310.1,53.0,17.7,5.00,10.5,10.8,536.8,473.5,88.2,46.9
eng Liverpool,20,51.6,13.0,657.9,58.2,187.3,331.9,180.2,33.2,609.0,10.3,16.7,61.8,11.2,0.69,442.2,2087.1,1112.9,47.2,14.2,4.15,12.8,11.1,516.7,428.3,82.9,53.5
ru Loko Moscow,19,45.7,6.0,570.8,57.8,162.2,273.8,165.3,20.7,525.3,10.2,15.7,64.9,11.0,0.33,372.2,1738.2,914.5,37.5,10.7,3.33,11.7,16.5,398.2,329.8,82.8,43.0
fr Lyon,21,43.9,8.0,605.5,70.4,199.3,309.1,132.5,23.6,564.0,13.6,20.4,66.9,14.8,0.75,413.1,1903.0,1021.1,38.1,12.5,4.00,11.1,11.0,463.9,398.5,85.9,40.6
eng Manchester City,21,63.2,10.0,782.4,54.0,174.8,443.5,218.5,36.4,744.2,12.1,18.3,66.1,13.3,0.50,603.2,3026.5,1702.2,71.5,17.2,6.60,9.90,14.1,654.0,595.9,91.1,56.8
eng Manchester Utd,26,45.5,10.0,608.4,59.1,172.5,312.1,162.4,22.3,564.8,10.5,17.4,60.3,11.0,0.70,426.9,1892.8,1036.2,44.4,15.6,3.40,9.80,12.2,479.3,412.1,86.0,42.4
fr Monaco,29,44.8,6.0,607.5,60.0,203.3,297.8,150.8,19.5,561.7,8.50,13.0,65.4,10.0,0.17,429.7,2232.3,1241.7,45.0,16.8,3.17,10.2,15.5,472.0,407.8,86.4,44.0
it Napoli,18,56.2,6.0,791.7,68.2,220.2,425.5,189.5,23.5,746.7,9.17,15.0,61.1,10.2,0.83,599.3,2281.2,1303.3,52.2,16.2,3.00,8.33,8.67,664.2,578.8,87.2,53.7
fr Paris S-G,20,58.6,8.0,752.3,60.1,224.4,397.6,180.9,28.9,709.8,14.1,21.9,64.6,15.1,0.88,545.8,2588.9,1429.0,63.4,19.3,6.25,12.6,9.38,628.5,560.4,89.2,43.8
pt Porto,25,53.0,10.3,600.7,60.3,191.8,303.4,143.7,25.0,548.9,10.2,19.2,53.0,11.2,0.58,392.5,2089.1,1054.2,43.1,14.4,4.08,13.0,12.5,442.9,370.2,83.6,40.4
nl PSV Eindhoven,18,32.5,6.0,464.0,83.7,192.5,193.0,105.7,19.5,421.3,8.67,15.0,57.8,9.33,0.50,260.7,1353.2,734.7,30.5,9.83,4.17,8.17,10.0,316.0,243.5,77.1,29.8
es Real Madrid,24,62.0,8.0,792.0,62.1,197.8,404.1,238.8,39.0,744.6,12.5,19.5,64.1,13.5,0.63,594.0,2874.5,1565.8,73.9,21.3,9.63,9.25,12.4,670.6,588.1,87.7,55.1
rs Red Star,20,30.7,6.0,460.8,82.5,209.3,201.2,76.3,10.0,415.5,8.83,13.2,67.1,9.83,0.17,250.7,1181.8,621.5,22.8,7.50,1.50,8.83,12.2,302.3,237.5,78.6,22.2
it Roma,24,49.4,8.3,610.5,70.6,204.2,293.0,147.2,25.7,562.5,10.8,20.0,54.2,11.9,0.36,412.9,1975.3,1010.8,40.4,10.7,3.49,12.0,10.1,477.2,400.5,83.9,51.6
de Schalke 04,27,42.0,8.0,521.5,51.1,192.3,248.6,117.1,19.1,475.4,9.75,17.5,55.7,11.1,0.38,335.3,1743.4,962.9,36.3,12.0,4.13,12.5,13.0,359.3,303.6,84.5,32.6
ua Shakhtar,20,49.0,6.0,631.5,70.7,211.3,317.0,145.5,23.2,581.5,6.50,12.0,54.2,7.33,0.33,444.0,2309.0,1266.5,41.0,12.7,3.17,13.0,11.7,484.8,437.3,90.2,30.8
eng Tottenham,24,52.4,13.0,656.6,68.2,207.5,319.8,169.2,27.7,608.5,11.8,18.2,64.8,12.5,0.38,458.6,2226.9,1135.6,43.9,13.0,5.23,11.4,14.0,513.3,440.8,85.9,48.4
es Valencia,22,50.2,6.0,622.0,54.0,189.8,313.7,161.8,23.8,572.5,12.3,19.8,62.2,13.5,0.67,436.3,2130.7,1157.8,48.5,14.8,3.83,10.2,12.7,478.7,416.7,87.0,51.7
cz Viktoria Plzeň,21,38.8,6.0,501.8,75.2,188.2,223.8,119.7,20.3,454.2,7.00,13.2,53.2,7.67,0.17,302.7,1478.3,779.3,31.8,10.3,2.50,9.50,9.83,359.5,297.2,82.7,34.5
ch Young Boys,20,41.5,6.0,536.5,61.5,177.0,259.3,138.7,18.7,490.2,8.67,14.3,60.5,9.17,0.50,351.5,1877.5,1002.5,37.7,12.3,2.33,11.5,8.33,392.2,324.7,82.8,36.2