Rk,Player,Nation,Pos,Squad,Age,Born,90s,Cmp,Att,Cmp%,TotDist,PrgDist,Cmp,Att,Cmp%,Cmp,Att,Cmp%,Cmp,Att,Cmp%,Ast,xA,A-xA,KP,1/3,PPA,CrsPA,Prog,Matches
1,Patrick van Aanholt\Patrick-van-Aanholt,nl NED,DF,Crystal Palace,27,1990,35.5,44.7,55.3,80.9,756.4,334.0,22.3,25.7,86.8,17.5,21.2,82.8,4.20,6.99,60.1,0.06,0.11,-0.05,0.96,3.24,1.77,0.25,6.31,Matches
2,Sergio Agüero\Sergio-Aguero,ar ARG,FW,Manchester City,30,1988,27.3,24.4,28.8,84.7,338.6,61.8,14.4,16.3,88.3,8.24,9.60,85.9,0.73,1.21,60.6,0.29,0.20,0.09,1.25,1.36,1.61,0.04,2.34,Matches
3,Nathan Aké\Nathan-Ake,nl NED,DF,Bournemouth,23,1995,37.9,38.8,44.9,86.4,795.3,288.0,12.0,13.5,88.8,21.0,23.0,91.3,5.59,7.81,71.6,0.00,0.02,-0.02,0.13,2.43,0.18,0.08,1.87,Matches
4,Marc Albrighton\Marc-Albrighton,eng ENG,FWMF,Leicester City,28,1989,18.1,25.4,42.9,59.1,493.5,199.1,12.4,15.7,78.6,7.96,12.3,64.9,4.42,11.4,38.6,0.11,0.17,-0.06,1.66,2.65,1.60,0.66,4.59,Matches
5,Toby Alderweireld\Toby-Alderweireld,be BEL,DF,Tottenham,29,1989,32.5,63.6,72.1,88.3,1551.6,461.1,13.3,14.2,93.1,34.6,36.6,94.4,15.7,20.8,75.5,0.00,0.02,-0.02,0.22,5.94,0.71,0.03,3.91,Matches
6,Trent Alexander-Arnold\Trent-Alexander-Arnold,eng ENG,DF,Liverpool,19,1998,27.4,60.0,80.8,74.3,1275.1,498.5,21.0,24.1,87.0,27.8,34.2,81.5,10.7,20.4,52.3,0.44,0.23,0.21,1.75,4.71,2.15,0.91,7.19,Matches
7,Alisson\Alisson,br BRA,GK,Liverpool,25,1992,38.0,27.3,33.2,82.3,797.8,441.1,2.89,2.95,98.2,15.0,15.3,97.9,9.39,14.9,63.2,0.00,0.00,0.00,0.00,0.32,0.00,0.00,0.00,Matches
8,Dele Alli\Dele-Alli,eng ENG,MFFW,Tottenham,22,1996,20.3,41.5,51.7,80.3,685.4,165.4,20.3,23.8,85.5,17.0,20.1,84.6,3.05,4.93,62.0,0.15,0.12,0.03,1.38,3.99,1.58,0.10,4.73,Matches
9,Miguel Almirón\Miguel-Almiron,py PAR,FWMF,Newcastle Utd,24,1994,8.4,22.4,31.0,72.3,395.2,102.7,10.8,13.0,83.5,7.98,10.4,77.0,3.10,4.76,65.0,0.00,0.10,-0.10,1.43,1.90,1.67,1.07,2.26,Matches
10,Marcos Alonso\Marcos-Alonso,es ESP,DF,Chelsea,27,1990,30.7,59.9,72.5,82.6,955.2,321.6,32.1,34.9,91.9,23.2,27.9,83.1,3.71,7.30,50.9,0.13,0.13,0.00,1.01,3.71,0.75,0.29,4.20,Matches
11,Daniel Amartey\Daniel-Amartey,gh GHA,DF,Leicester City,23,1994,7.1,49.9,61.0,81.8,938.7,414.5,20.7,22.8,90.7,22.8,26.9,84.8,6.06,10.6,57.3,0.00,0.03,-0.03,0.42,4.37,0.00,0.00,4.37,Matches
12,Luke Amos\Luke-Amos,eng ENG,MF,Tottenham,21,1997,0.0,1,2,50.0,13,3,1,2,50.0,0,0,,0,0,,0,0.0,0.0,0,0,0,0,0,Matches
13,Felipe Anderson\Felipe-Anderson,br BRA,FWMF,West Ham,25,1993,33.8,39.3,53.8,73.0,676.0,229.3,19.9,23.9,82.9,13.1,17.0,76.9,4.82,9.17,52.6,0.12,0.20,-0.08,1.78,3.22,2.63,0.38,5.53,Matches
14,Florin Andone\Florin-Andone,ro ROU,FW,Brighton,25,1993,9.8,12.4,18.4,67.8,170.1,22.0,6.53,9.29,70.3,4.49,6.22,72.1,0.41,0.92,44.4,0.00,0.01,-0.01,0.20,0.41,0.20,0.10,0.51,Matches
15,Michail Antonio\Michail-Antonio,eng ENG,FWMF,West Ham,28,1990,23.4,21.9,33.2,66.0,349.4,98.6,12.2,15.3,80.1,7.35,11.3,64.9,1.75,4.53,38.7,0.17,0.15,0.03,0.85,1.84,0.81,0.34,2.52,Matches
16,Stuart Armstrong\Stuart-Armstrong,sco SCO,MFFW,Southampton,26,1992,15.9,31.3,41.0,76.4,529.6,136.0,15.1,18.6,81.4,12.5,14.6,85.8,2.96,4.65,63.5,0.13,0.09,0.04,1.76,2.45,1.64,0.13,4.09,Matches
17,Marko Arnautović\Marko-Arnautovic,at AUT,FW,West Ham,29,1989,22.1,22.4,29.6,75.7,344.0,61.5,13.3,16.6,80.4,6.56,8.51,77.1,1.63,2.22,73.5,0.18,0.16,0.02,1.49,0.95,0.77,0.09,1.90,Matches
18,Kepa Arrizabalaga\Kepa-Arrizabalaga,es ESP,GK,Chelsea,23,1994,36.0,27.1,31.6,85.7,754.3,414.5,4.06,4.11,98.6,13.9,14.2,98.2,9.00,13.2,68.2,0.00,0.00,0.00,0.00,0.08,0.00,0.00,0.03,Matches
19,Harry Arter\Harry-Arter,ie IRL,MF,Cardiff City,28,1989,22.2,24.1,31.0,77.5,440.1,126.6,10.8,12.9,83.6,9.77,11.6,84.1,3.02,5.36,56.3,0.05,0.03,0.01,0.54,2.61,0.90,0.18,3.29,Matches
20,Christian Atsu\Christian-Atsu,gh GHA,MFFW,Newcastle Utd,26,1992,16.6,20.2,27.3,73.8,312.8,69.9,11.4,13.3,85.9,6.02,8.55,70.4,2.05,3.61,56.7,0.00,0.07,-0.07,0.84,1.39,1.02,0.30,1.57,Matches
21,Pierre-Emerick Aubameyang\Pierre-Emerick-Aubameyang,ga GAB,FW,Arsenal,29,1989,30.3,17.4,24.5,70.9,241.7,62.2,10.8,13.9,77.4,5.18,7.46,69.5,0.83,1.58,52.1,0.17,0.14,0.03,1.09,0.92,1.09,0.13,2.05,Matches
22,Serge Aurier\Serge-Aurier,ci CIV,DFMF,Tottenham,25,1992,6.3,40.2,54.4,73.8,692.2,283.8,19.7,23.5,83.8,15.6,21.6,72.1,3.81,6.51,58.5,0.32,0.08,0.24,0.79,1.43,1.75,1.11,3.97,Matches
23,Charlie Austin\Charlie-Austin,eng ENG,FW,Southampton,29,1989,10.9,11.7,19.1,61.1,188.2,26.3,5.87,8.62,68.1,4.04,6.51,62.0,1.28,2.48,51.9,0.18,0.04,0.15,0.83,0.37,0.37,0.00,0.64,Matches
24,Jordan Ayew\Jordan-Ayew,gh GHA,FW,Crystal Palace,26,1991,13.1,15.3,20.8,73.6,215.5,40.2,9.39,11.0,85.4,4.35,5.88,74.0,0.92,1.60,57.1,0.15,0.08,0.07,0.99,0.84,0.46,0.00,1.22,Matches
25,Floyd Ayité\Floyd-Ayite,tg TOG,FWMF,Fulham,29,1988,5.3,30.0,39.4,76.1,468.5,136.8,17.5,21.1,83.0,9.06,12.1,75.0,2.45,3.77,65.0,0.00,0.06,-0.06,1.51,2.08,1.32,0.19,3.58,Matches
26,César Azpilicueta\Cesar-Azpilicueta,es ESP,DF,Chelsea,28,1989,37.8,65.4,76.5,85.4,1072.0,377.1,32.7,36.0,90.9,27.5,31.1,88.2,4.44,6.98,63.6,0.13,0.06,0.07,0.66,4.23,1.24,0.50,4.23,Matches
27,Ryan Babel\Ryan-Babel,nl NED,FW,Fulham,31,1986,13.9,29.5,37.1,79.6,463.3,121.4,16.7,18.8,88.5,9.42,11.2,84.5,2.37,4.60,51.6,0.22,0.17,0.05,1.65,1.94,0.72,0.22,2.09,Matches
28,Juninho Bacuna\Juninho-Bacuna,cw CUW,MFDF,Huddersfield,20,1997,15.7,35.6,48.6,73.3,715.3,241.3,14.3,17.3,83.0,14.7,17.7,83.1,5.99,11.5,51.9,0.00,0.10,-0.10,1.08,5.41,0.76,0.00,5.22,Matches
29,Leandro Bacuna\Leandro-Bacuna,cw CUW,MFDF,Cardiff City,26,1991,6.2,18.4,27.1,67.9,347.3,138.4,9.19,11.5,80.3,6.13,8.87,69.1,2.90,5.97,48.6,0.00,0.00,0.00,0.16,1.77,0.81,0.32,2.42,Matches
30,Eric Bailly\Eric-Bailly,ci CIV,DF,Manchester Utd,24,1994,7.1,37.6,43.7,86.1,773.1,237.9,12.3,13.2,92.6,19.4,21.3,91.4,5.77,8.31,69.5,0.00,0.00,0.00,0.00,1.13,0.00,0.00,1.13,Matches
31,Leighton Baines\Leighton-Baines,eng ENG,DF,Everton,33,1984,4.2,49.0,62.1,78.9,842.1,370.7,22.9,26.9,85.0,21.7,26.2,82.7,3.57,7.38,48.4,0.00,0.05,-0.05,0.95,3.81,0.48,0.24,5.24,Matches
32,Fabián Balbuena\Fabian-Balbuena,py PAR,DF,West Ham,26,1991,22.4,29.2,37.4,78.2,621.7,254.6,8.97,10.4,86.6,14.9,17.2,86.3,5.18,9.24,56.0,0.00,0.00,-0.00,0.13,1.47,0.00,0.00,1.74,Matches
33,Leon Balogun\Leon-Balogun,ng NGA,DF,Brighton,30,1988,6.6,26.4,33.0,79.8,597.7,134.5,4.70,5.45,86.1,14.1,16.4,86.1,6.21,9.39,66.1,0.00,0.00,0.00,0.00,0.30,0.00,0.00,0.61,Matches
34,Sol Bamba\Sol-Bamba,ci CIV,DF,Cardiff City,33,1985,27.5,14.4,21.1,68.4,328.3,125.9,3.75,5.71,65.6,7.45,9.27,80.4,3.16,5.64,56.1,0.04,0.01,0.02,0.15,1.56,0.11,0.00,1.42,Matches
35,Phil Bardsley\Phil-Bardsley,sco SCO,DF,Burnley,33,1985,18.6,28.1,41.4,67.9,546.8,260.6,11.6,13.7,84.6,12.2,16.2,74.8,4.09,10.7,38.2,0.00,0.04,-0.04,0.32,3.28,1.08,0.32,3.12,Matches
36,Ross Barkley\Ross-Barkley,eng ENG,MF,Chelsea,24,1993,13.8,63.8,70.5,90.5,1129.6,194.0,30.4,32.6,93.1,25.3,28.0,90.2,7.25,8.12,89.3,0.36,0.15,0.21,1.52,4.49,1.23,0.14,4.64,Matches
37,Ashley Barnes\Ashley-Barnes,eng ENG,FW,Burnley,28,1989,26.5,13.1,21.1,61.9,189.4,41.2,8.08,11.1,72.8,3.62,6.30,57.5,0.87,2.26,38.3,0.08,0.14,-0.06,0.75,0.87,0.49,0.08,1.58,Matches
38,Harvey Barnes\Harvey-Barnes,eng ENG,FWMF,Leicester City,20,1997,11.2,22.9,30.7,74.7,316.6,84.3,15.0,18.1,82.8,6.34,8.39,75.5,0.98,1.79,55.0,0.18,0.13,0.05,1.43,1.43,1.16,0.36,2.59,Matches
39,Antonio Barreca\Antonio-Barreca,it ITA,DF,Newcastle Utd,23,1995,0.1,10.0,30.0,33.3,160.0,160.0,0.00,0.00,,10.0,10.0,100.0,0.00,10.0,0.0,0.00,0.00,0.00,0.00,0.00,0.00,0.00,10.0,Matches
40,Michy Batshuayi\Michy-Batshuayi,be BEL,FW,Crystal Palace,24,1993,8.3,13.4,19.5,68.5,194.5,36.3,8.19,10.5,78.2,3.25,4.94,65.9,1.33,2.29,57.9,0.00,0.01,-0.01,0.12,0.60,0.24,0.00,0.84,Matches
41,Jan Bednarek\Jan-Bednarek,pl POL,DF,Southampton,22,1996,23.9,24.7,35.5,69.6,506.3,232.6,8.12,10.2,79.5,12.6,16.4,76.6,3.77,8.24,45.7,0.04,0.02,0.03,0.29,2.22,0.08,0.00,2.55,Matches
42,Asmir Begović\Asmir-Begovic,ba BIH,GK,Bournemouth,31,1987,24.0,18.0,26.4,68.1,620.9,419.8,1.63,1.63,100.0,8.67,8.71,99.5,7.67,16.0,47.8,0.00,0.00,0.00,0.00,0.17,0.00,0.00,0.00,Matches
43,Héctor Bellerín\Hector-Bellerin,es ESP,DF,Arsenal,23,1995,17.0,46.7,55.7,83.8,794.7,263.4,21.8,24.1,90.5,20.7,24.1,85.9,3.53,5.53,63.8,0.29,0.12,0.17,0.53,2.82,1.59,0.29,5.12,Matches
44,Joe Bennett\Joe-Bennett,eng ENG,DF,Cardiff City,28,1990,29.3,21.8,32.3,67.6,398.2,206.6,9.80,11.8,82.9,9.01,12.7,71.0,2.70,6.48,41.6,0.03,0.04,-0.00,0.44,2.56,0.48,0.31,2.39,Matches
45,Ryan Bennett\Ryan-Bennett,eng ENG,DF,Wolves,28,1990,34.0,32.2,40.8,78.9,680.3,215.4,10.1,11.6,87.8,16.1,18.7,86.0,5.59,9.94,56.2,0.00,0.01,-0.01,0.15,2.85,0.06,0.00,2.50,Matches
46,Christian Benteke\Christian-Benteke,be BEL,FW,Crystal Palace,27,1990,9.0,15.4,27.0,57.2,234.7,41.9,9.11,14.7,62.1,4.22,8.22,51.4,1.33,2.22,60.0,0.11,0.14,-0.03,0.89,0.89,0.22,0.00,1.44,Matches
47,Jóhann Berg Guðmundsson\Johann-Berg-Gudmundsson,is ISL,MFFW,Burnley,27,1990,19.5,20.9,31.3,66.7,383.2,135.8,10.2,12.7,80.2,6.92,9.38,73.8,3.38,7.90,42.9,0.31,0.19,0.11,2.05,1.13,1.13,0.82,2.15,Matches
48,Bernard\Bernard,br BRA,FWMF,Everton,25,1992,23.5,26.9,36.9,73.0,451.7,138.3,13.7,16.2,84.3,10.6,14.1,75.3,2.34,4.68,50.0,0.13,0.14,-0.01,1.70,1.91,1.45,0.38,3.45,Matches
49,Bernardo\Bernardo,br BRA,DF,Brighton,23,1995,19.5,37.7,52.0,72.5,658.5,280.6,17.0,19.7,86.2,16.9,22.6,74.6,3.08,7.44,41.4,0.05,0.05,0.01,0.46,2.77,0.51,0.15,4.41,Matches
50,Ryan Bertrand\Ryan-Bertrand,eng ENG,DF,Southampton,28,1989,24.0,33.1,45.6,72.7,554.5,253.3,17.9,20.3,88.1,11.9,16.3,72.9,2.92,7.13,40.9,0.00,0.08,-0.08,0.96,2.83,1.21,0.54,3.50,Matches
51,Marcus Bettinelli\Marcus-Bettinelli,eng ENG,GK,Fulham,26,1992,7.0,22.0,33.9,65.0,806.6,616.4,3.29,3.29,100.0,8.86,8.86,100.0,9.86,21.7,45.4,0.00,0.00,0.00,0.00,0.71,0.14,0.00,0.00,Matches
52,Philip Billing\Philip-Billing,dk DEN,MF,Huddersfield,22,1996,24.3,37.5,51.5,72.9,765.1,220.6,14.3,17.7,80.7,16.3,20.3,80.2,6.50,11.9,54.9,0.00,0.05,-0.05,0.70,2.76,0.86,0.41,3.29,Matches
53,Yves Bissouma\Yves-Bissouma,ml MLI,MF,Brighton,21,1996,19.7,30.3,36.9,82.0,521.9,115.6,14.4,16.4,87.9,11.6,13.9,83.9,3.30,5.08,65.0,0.00,0.06,-0.06,0.71,2.64,0.36,0.05,2.49,Matches
54,Willy Boly\Willy-Boly,ci CIV,DF,Wolves,27,1991,35.2,39.5,48.2,82.1,778.8,316.3,14.9,16.5,90.5,19.2,21.7,88.4,5.20,9.20,56.5,0.00,0.03,-0.03,0.28,3.47,0.20,0.00,3.52,Matches
55,Léo Bonatini\Leo-Bonatini,br BRA,FW,Wolves,24,1994,1.5,27.3,36.7,74.5,470.7,106.0,18.7,20.7,90.3,4.00,8.00,50.0,4.67,6.00,77.8,0.67,0.20,0.47,1.33,3.33,2.00,0.67,2.67,Matches
56,Gaëtan Bong\Gaetan-Bong,cm CMR,DF,Brighton,30,1988,20.1,29.8,43.7,68.0,541.6,280.2,12.7,14.9,85.0,13.3,19.1,70.0,3.43,8.41,40.8,0.00,0.03,-0.03,0.40,2.29,0.90,0.50,2.84,Matches
57,Artur Boruc\Artur-Boruc,pl POL,GK,Bournemouth,38,1980,12.0,18.8,29.2,64.3,647.3,450.3,1.83,1.83,100.0,8.17,8.25,99.0,8.75,19.1,45.9,0.00,0.00,0.00,0.00,0.33,0.00,0.00,0.00,Matches
58,Robbie Brady\Robbie-Brady,ie IRL,MFFW,Burnley,26,1992,8.0,20.3,35.9,56.4,377.1,136.8,9.50,12.3,77.6,7.13,11.1,64.0,2.88,10.1,28.4,0.13,0.17,-0.05,1.63,1.88,1.38,0.75,2.38,Matches
59,Miguel Britos\Miguel-Britos,uy URU,DF,Watford,33,1985,2.1,22.9,26.7,85.7,497.6,199.0,7.62,8.10,94.1,11.0,12.9,85.2,3.81,5.24,72.7,0.00,0.00,0.00,0.00,1.43,0.00,0.00,2.38,Matches
60,David Brooks\David-Brooks,wal WAL,MFFW,Bournemouth,21,1997,25.1,25.9,35.0,73.8,426.6,136.7,13.6,16.9,80.7,9.40,12.0,78.4,2.23,4.10,54.4,0.20,0.15,0.05,1.16,2.23,1.59,0.12,3.94,Matches
61,Bruno\Bruno,es ESP,DF,Brighton,37,1980,12.6,40.2,50.3,79.8,783.3,362.8,15.6,16.8,92.9,18.7,21.9,85.1,5.56,10.5,53.0,0.08,0.02,0.06,0.48,2.70,0.71,0.24,3.65,Matches
62,Joe Bryan\Joe-Bryan,eng ENG,DF,Fulham,24,1993,26.1,34.8,49.5,70.3,628.9,291.1,15.6,18.3,85.3,15.2,20.1,76.0,3.68,9.50,38.7,0.04,0.10,-0.06,0.88,3.03,0.92,0.54,3.98,Matches
63,David Button\David-Button,eng ENG,GK,Brighton,29,1989,4.0,12.0,27.0,44.4,566.5,462.0,0.25,0.25,100.0,3.50,3.50,100.0,8.25,23.3,35.5,0.00,0.00,0.00,0.00,0.75,0.00,0.00,0.00,Matches
64,Willy Caballero\Willy-Caballero,ar ARG,GK,Chelsea,36,1981,2.0,25.5,31.5,81.0,752.5,419.5,5.50,5.50,100.0,11.0,11.0,100.0,9.00,15.0,60.0,0.00,0.00,0.00,0.00,0.00,0.00,0.00,0.00,Matches
65,Gary Cahill\Gary-Cahill,eng ENG,DF,Chelsea,32,1985,0.3,60.0,66.7,90.0,1130.0,650.0,10.0,10.0,100.0,46.7,53.3,87.5,3.33,3.33,100.0,0.00,0.00,0.00,0.00,3.33,0.00,0.00,20.0,Matches
66,Tom Cairney\Tom-Cairney,sco SCO,MFFW,Fulham,27,1991,24.4,51.5,57.9,89.0,890.0,164.4,25.4,27.1,93.7,20.2,22.3,90.3,5.29,7.21,73.3,0.04,0.12,-0.08,1.52,4.47,1.27,0.08,4.67,Matches
67,Dominic Calvert-Lewin\Dominic-Calvert-Lewin,eng ENG,FW,Everton,21,1997,19.8,14.3,22.3,64.2,204.9,36.8,8.99,12.4,72.7,3.59,6.57,54.6,1.01,1.82,55.6,0.10,0.06,0.05,0.51,1.11,0.35,0.05,1.01,Matches
68,Rafael Camacho\Rafael-Camacho,pt POR,DF,Liverpool,18,2000,0.0,0,0,,0,0,0,0,,0,0,,0,0,,0,0.0,0.0,0,0,0,0,0,Matches
69,Víctor Camarasa\Victor-Camarasa,es ESP,MF,Cardiff City,24,1994,28.5,24.6,35.3,69.8,466.5,124.8,11.4,14.1,80.6,8.53,11.1,77.1,4.25,8.42,50.4,0.14,0.12,0.02,1.65,2.14,0.88,0.25,2.42,Matches
70,Étienne Capoue\Etienne-Capoue,fr FRA,MF,Watford,30,1988,32.7,45.3,54.4,83.4,893.3,244.7,18.5,20.8,88.7,19.2,22.5,85.3,6.94,9.88,70.3,0.09,0.03,0.06,0.28,4.65,0.55,0.03,4.74,Matches
71,Andy Carroll\Andy-Carroll,eng ENG,FW,West Ham,29,1989,5.1,16.9,25.7,65.6,265.5,49.4,9.22,12.9,71.2,4.71,7.25,64.9,1.96,3.73,52.6,0.00,0.04,-0.04,0.59,0.78,0.00,0.00,0.78,Matches
72,Jonny Castro\Jonny-Castro,es ESP,DFMF,Wolves,24,1994,30.8,36.5,45.3,80.6,553.8,179.8,22.1,24.8,89.0,11.7,14.4,81.7,2.18,4.19,51.9,0.03,0.05,-0.02,0.81,1.23,0.71,0.16,1.85,Matches
73,Craig Cathcart\Craig-Cathcart,nir NIR,DF,Watford,29,1989,34.4,30.4,37.2,81.8,662.3,223.9,9.19,10.5,87.3,14.3,15.7,90.9,6.54,10.2,64.1,0.00,0.01,-0.01,0.03,1.77,0.09,0.03,1.74,Matches
74,Ivan Cavaleiro\Ivan-Cavaleiro,pt POR,FWMF,Wolves,24,1993,7.7,32.7,46.2,70.8,505.3,125.7,19.0,22.5,84.4,8.57,13.1,65.3,3.77,7.53,50.0,0.13,0.19,-0.06,2.21,1.69,1.56,1.04,2.34,Matches
75,Petr Čech\Petr-Cech,cz CZE,GK,Arsenal,36,1982,6.5,25.8,37.2,69.4,746.5,423.5,1.69,1.85,91.7,16.6,17.1,97.3,7.54,18.3,41.2,0.00,0.00,0.00,0.00,0.15,0.00,0.00,0.00,Matches
76,Nathaniel Chalobah\Nathaniel-Chalobah,eng ENG,MFFW,Watford,23,1994,3.0,31.0,40.3,76.9,578.0,195.0,12.7,15.3,82.6,13.3,16.7,80.0,4.33,6.67,65.0,0.00,0.00,0.00,0.00,3.33,0.33,0.00,3.67,Matches
77,Calum Chambers\Calum-Chambers,eng ENG,MFDF,Fulham,23,1995,28.8,41.3,52.7,78.4,790.1,232.7,16.8,19.5,86.1,18.8,22.2,84.5,5.21,9.76,53.4,0.00,0.02,-0.02,0.52,4.27,0.56,0.00,4.41,Matches
78,Ben Chilwell\Ben-Chilwell,eng ENG,DF,Leicester City,21,1996,36.0,43.8,62.2,70.3,723.4,268.4,22.5,26.6,84.6,17.7,24.8,71.4,3.19,8.94,35.7,0.11,0.08,0.03,1.11,2.75,1.00,0.44,3.75,Matches
79,Tahith Chong\Tahith-Chong,nl NED,FW,Manchester Utd,18,1999,0.4,32.5,37.5,86.7,577.5,147.5,17.5,17.5,100.0,10.0,12.5,80.0,5.00,5.00,100.0,0.00,0.00,0.00,0.00,2.50,2.50,0.00,5.00,Matches
80,Hamza Choudhury\Hamza-Choudhury,eng ENG,MF,Leicester City,20,1997,6.6,31.4,36.1,87.0,585.5,109.8,13.3,15.3,87.1,12.6,13.2,95.4,5.00,6.21,80.5,0.00,0.06,-0.06,0.61,2.58,0.45,0.15,2.42,Matches
81,Andreas Christensen\Andreas-Christensen,dk DEN,DF,Chelsea,22,1996,6.9,60.3,64.6,93.3,1171.4,372.0,19.1,20.0,95.7,32.9,35.2,93.4,7.39,7.97,92.7,0.00,0.00,0.00,0.00,3.19,0.00,0.00,4.64,Matches
82,Cyrus Christie\Cyrus-Christie,ie IRL,DF,Fulham,25,1992,21.6,40.6,55.3,73.4,698.4,250.2,18.7,21.3,87.6,18.5,24.2,76.4,3.10,8.19,37.9,0.05,0.06,-0.02,0.97,1.57,1.11,0.56,3.29,Matches
83,Ibrahima Cissé\Ibrahima-Cisse,gn GUI,MFFW,Fulham,24,1994,1.0,28.0,33.0,84.8,431.0,201.0,14.0,14.0,100.0,11.0,14.0,78.6,2.00,4.00,50.0,0.00,0.00,0.00,0.00,3.00,0.00,0.00,3.00,Matches
84,Ciaran Clark\Ciaran-Clark,ie IRL,DF,Newcastle Utd,28,1989,9.5,23.7,31.8,74.5,480.7,191.5,7.89,9.26,85.2,12.0,14.5,82.6,3.68,7.26,50.7,0.00,0.04,-0.04,0.32,1.58,0.32,0.00,2.00,Matches
85,Tom Cleverley\Tom-Cleverley,eng ENG,MFFW,Watford,28,1989,5.3,33.0,43.2,76.4,575.5,159.4,16.0,19.2,83.3,11.9,15.1,78.8,4.53,6.42,70.6,0.00,0.00,0.00,0.00,2.83,0.94,0.00,3.21,Matches
86,Nathaniel Clyne\Nathaniel-Clyne,eng ENG,DF,Bournemouth,27,1991,12.7,35.7,46.3,77.2,593.5,256.1,17.7,20.0,88.6,14.7,18.6,79.2,2.83,5.43,52.2,0.08,0.02,0.06,0.39,1.65,0.79,0.24,3.70,Matches
87,Nathaniel Clyne\Nathaniel-Clyne,eng ENG,DF,Liverpool,27,1991,1.2,56.7,70.0,81.0,803.3,345.8,32.5,35.8,90.7,18.3,23.3,78.6,2.50,6.67,37.5,0.00,0.00,0.00,0.00,1.67,0.83,0.00,3.33,Matches
88,Conor Coady\Conor-Coady,eng ENG,DF,Wolves,25,1993,38.0,37.2,44.1,84.2,1032.3,332.3,5.32,5.71,93.1,17.6,19.1,92.1,14.1,19.1,74.0,0.00,0.00,0.00,0.00,3.13,0.13,0.00,1.58,Matches
89,Joel Coleman\Joel-Coleman,eng ENG,GK,Huddersfield,22,1995,1.0,12.0,37.0,32.4,517.0,326.0,1.00,1.00,100.0,3.00,3.00,100.0,8.00,32.0,25.0,0.00,0.00,0.00,0.00,1.00,0.00,0.00,0.00,Matches
90,Séamus Coleman\Seamus-Coleman,ie IRL,DF,Everton,29,1988,28.4,42.9,55.7,76.9,742.4,318.2,21.3,24.4,87.6,17.2,21.7,79.3,4.12,8.17,50.4,0.07,0.08,-0.01,0.77,3.42,0.88,0.49,4.26,Matches
91,Lewis Cook\Lewis-Cook,eng ENG,MF,Bournemouth,21,1997,8.0,41.0,50.0,82.0,847.9,207.5,13.3,15.4,86.2,20.1,23.5,85.6,7.13,9.75,73.1,0.00,0.01,-0.01,0.25,3.75,0.88,0.13,4.63,Matches
92,Steve Cook\Steve-Cook,eng ENG,DF,Bournemouth,27,1991,31.0,39.4,50.7,77.7,938.2,353.1,8.68,10.0,86.8,21.1,24.7,85.4,9.55,15.4,61.9,0.03,0.04,-0.01,0.39,2.84,0.16,0.03,2.74,Matches
93,Jack Cork\Jack-Cork,eng ENG,MF,Burnley,29,1989,36.8,29.4,36.7,80.1,526.2,113.9,13.5,15.7,86.2,11.4,13.5,84.5,3.75,6.17,60.8,0.05,0.04,0.01,0.46,2.77,0.43,0.05,2.47,Matches
94,Hélder Costa\Helder-Costa,pt POR,FWMF,Wolves,24,1994,14.9,25.0,33.1,75.5,380.7,81.7,14.0,16.6,84.3,9.19,11.9,77.4,1.48,3.02,48.9,0.13,0.11,0.03,1.14,1.21,1.34,0.13,2.35,Matches
95,Aaron Cresswell\Aaron-Cresswell,eng ENG,DF,West Ham,28,1989,17.7,47.2,59.9,78.7,769.8,317.7,24.7,27.6,89.5,18.0,21.8,82.6,3.45,7.63,45.2,0.06,0.06,-0.01,0.90,3.56,1.02,0.34,4.18,Matches
96,Peter Crouch\Peter-Crouch,eng ENG,FW,Burnley,37,1981,1.0,11.0,25.0,44.0,140.0,49.0,7.00,17.0,41.2,4.00,7.00,57.1,0.00,0.00,,0.00,0.00,0.00,0.00,1.00,1.00,0.00,2.00,Matches
97,Greg Cunningham\Greg-Cunningham,ie IRL,DF,Cardiff City,27,1991,7.0,23.9,32.7,72.9,433.7,210.4,10.6,12.9,82.2,9.71,12.9,75.6,3.00,6.14,48.8,0.00,0.03,-0.03,0.71,2.71,0.71,0.57,1.86,Matches
98,Diogo Dalot\Diogo-Dalot,pt POR,DFMF,Manchester Utd,19,1999,11.3,35.0,49.2,71.0,635.8,232.3,16.1,19.8,81.3,14.3,19.8,72.3,4.16,7.79,53.4,0.18,0.15,0.03,1.50,2.04,1.24,0.62,3.81,Matches
99,Matty Daly\Matty-Daly,eng ENG,MF,Huddersfield,17,2001,0.8,8.75,16.3,53.8,90.0,17.5,6.25,7.50,83.3,1.25,6.25,20.0,0.00,0.00,,0.00,0.00,0.00,0.00,1.25,0.00,0.00,0.00,Matches
100,Loïc Damour\Loic-Damour,fr FRA,MF,Cardiff City,27,1991,0.3,26.7,36.7,72.7,776.7,83.3,10.0,13.3,75.0,6.67,10.0,66.7,10.0,13.3,75.0,0.00,0.00,0.00,0.00,3.33,0.00,0.00,0.00,Matches
101,Charlie Daniels\Charlie-Daniels,eng ENG,DF,Bournemouth,31,1986,17.6,44.6,57.9,77.0,794.4,332.3,20.5,23.9,85.7,19.0,23.0,82.9,4.66,9.49,49.1,0.00,0.06,-0.06,0.63,3.52,1.25,0.34,4.38,Matches
102,Danilo\Danilo,br BRA,DF,Manchester City,27,1991,9.0,85.2,96.8,88.1,1546.1,344.4,35.9,38.0,94.4,41.8,46.1,90.6,7.22,10.8,67.0,0.00,0.03,-0.03,0.56,7.67,1.00,0.11,6.22,Matches
103,Scott Dann\Scott-Dann,eng ENG,DF,Crystal Palace,31,1987,7.4,25.7,32.8,78.2,511.4,228.6,8.24,8.65,95.3,13.4,15.5,86.1,3.92,7.84,50.0,0.14,0.00,0.14,0.00,1.35,0.00,0.00,2.03,Matches
104,Matteo Darmian\Matteo-Darmian,it ITA,DF,Manchester Utd,28,1989,4.9,35.9,42.0,85.4,604.1,264.7,18.6,19.4,95.8,13.1,14.7,88.9,3.88,6.94,55.9,0.00,0.02,-0.02,0.41,2.86,0.20,0.20,2.45,Matches
105,Ben Davies\Ben-Davies,wal WAL,DF,Tottenham,25,1993,20.5,52.2,64.1,81.5,900.8,354.6,23.5,26.2,89.6,23.9,28.1,84.9,4.49,8.05,55.8,0.00,0.09,-0.09,0.83,4.00,1.02,0.34,5.22,Matches
106,Tom Davies\Tom-Davies,eng ENG,MF,Everton,20,1998,10.9,38.0,48.2,78.9,719.3,168.0,15.4,18.0,85.7,16.9,20.0,84.4,5.14,8.44,60.9,0.00,0.05,-0.05,0.46,4.50,0.73,0.00,4.40,Matches
107,Steven Davis\Steven-Davis,nir NIR,MF,Southampton,33,1985,1.1,59.1,62.7,94.2,1217.3,394.5,22.7,25.5,89.3,26.4,26.4,100.0,9.09,10.0,90.9,0.91,0.64,0.27,2.73,5.45,2.73,0.91,5.45,Matches
108,Kevin De Bruyne\Kevin-De-Bruyne,be BEL,MF,Manchester City,27,1991,10.8,57.9,75.8,76.3,1158.2,313.1,22.8,25.9,87.9,24.6,30.6,80.4,9.44,16.2,58.3,0.19,0.32,-0.14,3.06,6.11,4.07,0.74,7.69,Matches
109,Troy Deeney\Troy-Deeney,eng ENG,FW,Watford,30,1988,28.3,18.4,29.5,62.4,265.2,96.0,11.7,16.3,72.0,5.05,8.66,58.4,1.10,2.90,37.8,0.18,0.17,0.01,1.41,2.16,1.48,0.11,3.71,Matches
110,Jermain Defoe\Jermain-Defoe,eng ENG,DFFW,Bournemouth,35,1982,0.3,0.00,0.00,,0.00,0.00,0.00,0.00,,0.00,0.00,,0.00,0.00,,0.00,0.00,0.00,0.00,0.00,0.00,0.00,0.00,Matches
111,Steven Defour\Steven-Defour,be BEL,MF,Burnley,30,1988,5.0,39.6,50.0,79.2,810.8,215.6,13.8,15.4,89.6,18.2,20.6,88.3,7.20,12.4,58.1,0.00,0.00,0.00,0.40,3.40,0.80,0.00,4.00,Matches
112,Fabian Delph\Fabian-Delph,eng ENG,DF,Manchester City,28,1989,8.1,85.4,93.6,91.3,1486.7,377.5,42.2,44.0,96.1,34.2,36.9,92.6,8.89,11.4,78.3,0.12,0.04,0.09,0.37,9.26,1.73,0.25,6.54,Matches
113,Mousa Dembélé\Mousa-Dembele,be BEL,MF,Tottenham,31,1987,5.7,48.8,54.0,90.3,840.2,169.1,21.2,23.7,89.6,24.0,26.1,91.9,2.98,3.68,81.0,0.00,0.00,0.00,0.00,3.68,0.18,0.00,4.04,Matches
114,Leander Dendoncker\Leander-Dendoncker,be BEL,MF,Wolves,23,1995,16.3,30.9,38.3,80.6,507.6,112.0,15.9,18.7,85.2,11.7,14.0,83.3,2.70,3.80,71.0,0.00,0.07,-0.07,0.43,1.72,0.43,0.06,2.21,Matches
115,Laurent Depoitre\Laurent-Depoitre,be BEL,FW,Huddersfield,29,1988,11.9,14.2,21.9,64.8,188.7,38.5,8.99,12.6,71.3,4.03,6.89,58.5,0.42,0.67,62.5,0.08,0.05,0.03,0.59,0.84,0.50,0.00,1.43,Matches
116,Gerard Deulofeu\Gerard-Deulofeu,es ESP,FW,Watford,24,1994,23.0,25.2,34.6,73.0,400.2,95.3,14.3,17.5,81.9,8.00,10.9,73.6,2.30,3.91,58.9,0.22,0.21,0.00,1.30,1.74,1.87,0.22,3.35,Matches
117,Fousseni Diabaté\Fousseni-Diabate,ml MLI,FW,Leicester City,22,1995,0.6,16.7,30.0,55.6,268.3,63.3,8.33,15.0,55.6,6.67,10.0,66.7,1.67,1.67,100.0,0.00,0.17,-0.17,1.67,0.00,1.67,1.67,0.00,Matches
118,Adama Diakhaby\Adama-Diakhaby,fr FRA,FWMF,Huddersfield,22,1996,6.1,19.3,26.9,72.0,292.3,45.7,11.3,14.3,79.3,7.21,9.02,80.0,0.82,2.30,35.7,0.00,0.07,-0.07,0.82,0.33,0.66,0.00,1.64,Matches
119,Mohamed Diamé\Mohamed-Diame,sn SEN,MF,Newcastle Utd,31,1987,24.1,23.7,30.7,77.1,431.0,103.5,11.2,13.1,85.7,8.92,10.7,83.7,3.15,5.89,53.5,0.00,0.00,0.00,0.04,1.83,0.33,0.04,1.83,Matches
120,Grady Diangana\Grady-Diangana,eng ENG,FWMF,West Ham,20,1998,6.8,29.4,39.0,75.5,429.3,115.4,19.1,23.1,82.8,7.79,10.3,75.7,1.91,3.82,50.0,0.15,0.18,-0.03,1.62,2.35,1.03,0.15,3.09,Matches
121,Eric Dier\Eric-Dier,eng ENG,MF,Tottenham,24,1994,16.7,53.3,63.4,84.1,1020.5,273.6,20.8,23.4,88.7,25.4,28.4,89.5,6.71,10.2,65.9,0.00,0.05,-0.05,0.48,4.79,0.72,0.18,4.49,Matches
122,Lucas Digne\Lucas-Digne,fr FRA,DF,Everton,25,1993,32.9,44.4,62.6,70.9,817.1,370.7,20.1,23.8,84.4,17.8,23.5,75.8,5.93,13.0,45.5,0.12,0.19,-0.06,2.13,3.40,1.55,0.91,4.92,Matches
123,Virgil van Dijk\Virgil-van-Dijk,nl NED,DF,Liverpool,27,1991,37.6,72.0,79.7,90.4,1640.9,466.5,18.2,19.5,92.9,38.6,40.9,94.5,15.1,18.7,80.9,0.05,0.03,0.02,0.16,4.84,0.13,0.00,4.02,Matches
124,Issa Diop\Issa-Diop,fr FRA,DF,West Ham,21,1997,33.0,29.5,34.6,85.3,596.2,202.7,10.0,11.6,86.6,14.3,16.0,89.2,4.79,6.21,77.1,0.00,0.00,-0.00,0.06,1.27,0.00,0.00,1.88,Matches
125,Matt Doherty\Matt-Doherty,ie IRL,DFMF,Wolves,26,1992,34.9,38.2,52.4,72.9,657.0,291.5,18.7,22.3,83.7,15.4,20.7,74.2,3.44,7.25,47.4,0.14,0.13,0.01,1.17,2.12,0.92,0.32,4.47,Matches
126,Abdoulaye Doucouré\Abdoulaye-Doucoure,fr FRA,MF,Watford,25,1993,34.0,48.2,57.9,83.4,839.3,203.6,22.3,25.9,86.3,19.7,22.7,86.8,5.32,7.12,74.8,0.18,0.11,0.06,1.09,4.38,1.06,0.12,4.53,Matches
127,Luke Dreher\Luke-Dreher,eng ENG,MF,Crystal Palace,19,1998,0.0,3,3,100.0,28,0,3,3,100.0,0,0,,0,0,,0,0.0,0.0,0,0,0,0,0,Matches
128,Martin Dúbravka\Martin-Dubravka,sk SVK,GK,Newcastle Utd,29,1989,38.0,18.1,30.3,59.5,695.8,484.8,1.68,1.74,97.0,7.03,7.08,99.3,9.32,21.4,43.5,0.00,0.00,0.00,0.00,0.55,0.00,0.00,0.00,Matches
129,Shane Duffy\Shane-Duffy,ie IRL,DF,Brighton,26,1992,34.3,28.9,37.0,78.1,699.4,229.8,6.24,7.81,79.9,14.5,16.8,86.8,7.49,11.6,64.7,0.03,0.01,0.02,0.17,1.14,0.09,0.03,0.79,Matches
130,Demeaco Duhaney\Demeaco-Duhaney,eng ENG,DF,Huddersfield,19,1998,0.5,40.0,56.0,71.4,686.0,374.0,22.0,24.0,91.7,12.0,20.0,60.0,6.00,10.0,60.0,0.00,0.00,0.00,0.00,6.00,2.00,0.00,6.00,Matches
131,Paul Dummett\Paul-Dummett,wal WAL,DF,Newcastle Utd,26,1991,22.1,28.9,40.0,72.3,581.1,302.1,10.5,12.4,85.3,13.5,17.4,77.7,4.57,9.28,49.3,0.00,0.04,-0.04,0.23,3.39,0.54,0.18,3.03,Matches
132,Lewis Dunk\Lewis-Dunk,eng ENG,DF,Brighton,26,1991,35.0,35.4,42.5,83.3,862.8,248.4,8.60,9.54,90.1,16.9,18.2,92.9,9.54,13.9,68.4,0.03,0.02,0.01,0.26,2.20,0.09,0.00,1.31,Matches
133,Erik Durm\Erik-Durm,de GER,DF,Huddersfield,26,1992,22.8,32.8,47.0,69.8,569.0,218.2,16.0,18.8,85.1,12.9,18.2,71.0,3.68,8.33,44.2,0.04,0.04,0.00,0.53,2.32,0.79,0.44,2.98,Matches
134,Bruno Ecuele Manga\Bruno-Ecuele-Manga,ga GAB,DF,Cardiff City,30,1988,37.5,18.8,29.6,63.6,405.9,193.0,6.69,8.56,78.2,8.19,11.9,68.5,3.81,8.48,45.0,0.03,0.01,0.02,0.13,2.00,0.16,0.03,2.32,Matches
135,Ederson\Ederson,br BRA,GK,Manchester City,24,1993,38.0,24.2,28.2,85.7,642.6,387.1,4.53,4.53,100.0,13.1,13.2,99.4,6.50,10.4,62.5,0.03,0.01,0.02,0.08,0.24,0.00,0.00,0.08,Matches
136,Harvey Elliot\Harvey-Elliot,eng ENG,MF,Fulham,15,2003,0.2,50.0,60.0,83.3,880.0,175.0,25.0,30.0,83.3,20.0,20.0,100.0,5.00,10.0,50.0,0.00,0.00,0.00,0.00,0.00,5.00,0.00,5.00,Matches
137,Mohamed Elneny\Mohamed-Elneny,eg EGY,MF,Arsenal,26,1992,4.2,61.7,68.3,90.2,1211.4,296.0,23.1,25.2,91.5,29.3,31.9,91.8,8.81,10.0,88.1,0.00,0.02,-0.02,0.95,4.29,0.71,0.00,6.67,Matches
138,Mohamed Elyounoussi\Mohamed-Elyounoussi,no NOR,MFFW,Southampton,23,1994,8.8,20.0,30.7,65.2,328.1,104.0,11.2,13.9,81.1,5.80,9.66,60.0,2.39,5.34,44.7,0.00,0.13,-0.13,1.48,1.25,1.02,0.11,1.93,Matches
139,Christian Eriksen\Christian-Eriksen,dk DEN,MFFW,Tottenham,26,1992,30.8,50.0,64.4,77.6,928.9,253.4,21.7,25.5,84.9,21.1,25.1,83.9,6.56,11.7,56.3,0.39,0.22,0.17,2.44,5.88,1.79,0.36,5.88,Matches
140,Neil Etheridge\Neil-Etheridge,ph PHI,GK,Cardiff City,28,1990,38.0,10.4,31.3,33.3,612.7,534.3,0.11,0.13,80.0,0.95,1.05,90.0,9.37,30.1,31.2,0.00,0.01,-0.01,0.08,1.71,0.00,0.00,0.00,Matches
141,Jonny Evans\Jonny-Evans,nir NIR,DF,Leicester City,30,1988,22.2,39.1,45.6,85.6,878.2,263.5,9.46,10.6,89.0,22.2,24.1,92.1,7.25,10.5,68.8,0.00,0.01,-0.01,0.18,1.98,0.05,0.00,1.44,Matches
142,Łukasz Fabiański\Lukasz-Fabianski,pl POL,GK,West Ham,33,1985,38.0,17.1,31.7,54.1,736.1,542.6,0.92,0.92,100.0,5.61,5.68,98.6,10.6,25.0,42.2,0.00,0.01,-0.01,0.08,0.50,0.00,0.00,0.00,Matches
143,Fabinho\Fabinho,br BRA,MF,Liverpool,24,1993,22.4,62.6,72.8,86.0,1210.2,285.0,24.5,27.2,90.0,29.7,32.8,90.6,7.90,11.5,68.9,0.09,0.06,0.03,0.71,6.83,1.12,0.09,5.85,Matches
144,Cesc Fàbregas\Cesc-Fabregas,es ESP,MF,Chelsea,31,1987,2.0,82.5,96.5,85.5,1519.0,520.5,35.0,38.5,90.9,39.5,43.0,91.9,8.00,14.0,57.1,0.00,0.15,-0.15,1.50,8.50,2.00,0.00,9.00,Matches
145,Fabricio\Fabricio,es ESP,GK,Fulham,30,1987,2.0,17.0,25.0,68.0,589.0,412.0,1.50,1.50,100.0,7.50,8.00,93.8,8.00,15.5,51.6,0.00,0.00,0.00,0.00,0.50,0.00,0.00,0.00,Matches
146,Marouane Fellaini\Marouane-Fellaini,be BEL,MF,Manchester Utd,30,1987,8.4,41.3,51.5,80.1,676.8,195.6,20.6,24.2,85.2,17.0,19.9,85.6,2.86,4.64,61.5,0.12,0.01,0.11,0.36,3.69,0.12,0.00,3.57,Matches
147,Kiko Femenía\Kiko-Femenia,es ESP,DF,Watford,27,1991,22.8,41.7,51.5,80.9,708.6,296.4,21.1,23.2,90.9,16.5,20.0,82.9,3.64,7.15,50.9,0.04,0.08,-0.04,0.66,2.89,1.14,0.57,3.60,Matches
148,Federico Fernández\Federico-Fernandez,ar ARG,DF,Newcastle Utd,29,1989,16.5,29.3,37.7,77.7,700.2,255.3,6.12,7.39,82.8,15.2,16.8,89.9,7.88,13.0,60.5,0.06,0.02,0.04,0.24,2.00,0.24,0.12,2.36,Matches
149,Fernandinho\Fernandinho,br BRA,MF,Manchester City,33,1985,26.4,68.3,78.3,87.2,1261.8,343.3,27.5,30.3,90.7,33.1,36.8,89.9,7.16,9.73,73.5,0.11,0.11,0.00,0.91,10.0,1.82,0.00,8.18,Matches
150,Roberto Firmino\Roberto-Firmino,br BRA,FWMF,Liverpool,26,1991,29.0,36.4,44.9,81.0,548.4,152.8,21.3,25.0,85.3,12.1,14.4,84.2,2.14,3.10,68.9,0.21,0.19,0.01,1.45,3.10,1.86,0.10,5.28,Matches
151,Phil Foden\Phil-Foden,eng ENG,MF,Manchester City,18,2000,3.7,54.6,63.5,86.0,798.6,123.2,31.4,35.4,88.5,18.1,20.0,90.5,2.97,3.78,78.6,0.00,0.16,-0.16,2.16,2.43,2.16,0.00,4.86,Matches
152,Fraser Forster\Fraser-Forster,eng ENG,GK,Southampton,30,1988,1.0,10.0,23.0,43.5,444.0,387.0,0.00,0.00,,5.00,5.00,100.0,5.00,18.0,27.8,0.00,0.00,0.00,0.00,0.00,0.00,0.00,0.00,Matches
153,Ben Foster\Ben-Foster,eng ENG,GK,Watford,35,1983,38.0,15.8,32.7,48.3,738.1,626.9,1.24,1.29,95.9,3.92,4.21,93.1,10.6,27.1,39.2,0.00,0.01,-0.01,0.18,1.16,0.03,0.00,0.00,Matches
154,Timothy Fosu-Mensah\Timothy-Fosu-Mensah,nl NED,DF,Fulham,20,1998,8.8,42.3,53.5,79.0,823.7,317.0,14.7,15.8,92.8,23.2,28.2,82.3,4.43,8.52,52.0,0.00,0.05,-0.05,0.45,2.84,0.57,0.23,4.20,Matches
155,Juan Foyth\Juan-Foyth,ar ARG,DF,Tottenham,20,1998,9.9,51.1,59.4,86.1,1007.5,295.9,19.5,21.9,88.9,23.9,26.7,89.8,7.27,9.70,75.0,0.00,0.03,-0.03,0.30,2.83,0.30,0.10,1.92,Matches
156,Simon Francis\Simon-Francis,eng ENG,DF,Bournemouth,33,1985,13.7,43.6,59.5,73.4,846.8,410.7,17.7,20.4,87.1,19.2,24.4,78.7,6.42,13.0,49.4,0.15,0.07,0.07,0.80,4.53,1.24,0.58,5.11,Matches
157,Ryan Fraser\Ryan-Fraser,sco SCO,MFFW,Bournemouth,24,1994,35.2,28.9,42.8,67.7,532.4,185.3,12.2,15.6,78.0,12.7,16.8,75.6,3.58,8.35,42.9,0.40,0.34,0.06,2.47,2.24,1.82,0.68,4.01,Matches
158,Fred\Fred,br BRA,MF,Manchester Utd,25,1993,11.6,56.6,66.3,85.3,1132.8,297.5,22.4,25.3,88.7,22.8,26.1,87.1,10.3,13.1,78.9,0.09,0.08,0.01,1.21,6.81,0.52,0.17,5.69,Matches
159,Ryan Fredericks\Ryan-Fredericks,eng ENG,DF,West Ham,25,1992,12.1,32.8,45.3,72.4,499.3,211.2,18.8,21.8,86.0,11.5,16.2,70.9,2.15,5.37,40.0,0.00,0.02,-0.02,0.25,1.49,0.66,0.50,2.31,Matches
160,Christian Fuchs\Christian-Fuchs,at AUT,DF,Leicester City,32,1986,2.3,52.6,68.7,76.6,1016.1,479.6,20.9,23.9,87.3,27.0,28.7,93.9,4.78,13.5,35.5,0.00,0.13,-0.13,2.61,4.78,2.61,1.74,10.0,Matches
161,Manolo Gabbiadini\Manolo-Gabbiadini,it ITA,FWMF,Southampton,26,1991,5.3,15.7,22.5,69.7,210.2,55.3,9.62,11.5,83.6,4.53,7.36,61.5,0.75,1.70,44.4,0.00,0.04,-0.04,0.75,0.57,0.57,0.00,0.75,Matches
162,Sam Gallagher\Sam-Gallagher,eng ENG,FW,Southampton,22,1995,0.4,5.00,20.0,25.0,45.0,0.00,5.00,15.0,33.3,0.00,2.50,0.0,0.00,2.50,0.0,0.00,0.00,0.00,0.00,0.00,0.00,0.00,0.00,Matches
163,Idrissa Gana Gueye\Idrissa-Gana-Gueye,sn SEN,MF,Everton,28,1989,31.4,47.1,56.0,84.1,916.7,239.8,17.9,20.9,85.6,21.3,24.2,88.2,7.39,9.87,74.8,0.06,0.03,0.03,0.61,5.48,0.64,0.06,5.35,Matches
164,James Garner\James-Garner,eng ENG,MF,Manchester Utd,17,2001,0.0,0,1,0.0,0,0,0,0,,0,1,0.0,0,0,,0,0.0,0.0,0,0,0,0,0,Matches
165,Paulo Gazzaniga\Paulo-Gazzaniga,ar ARG,GK,Tottenham,26,1992,3.0,23.3,35.0,66.7,691.0,388.7,4.67,5.33,87.5,10.7,11.0,97.0,8.00,18.7,42.9,0.00,0.00,0.00,0.00,0.33,0.00,0.00,0.00,Matches
166,David de Gea\David-de-Gea,es ESP,GK,Manchester Utd,27,1990,38.0,18.7,28.6,65.5,746.4,567.4,1.63,1.68,96.9,6.61,6.63,99.6,10.5,20.3,51.7,0.00,0.00,0.00,0.03,0.29,0.00,0.00,0.00,Matches
167,Rachid Ghezzal\Rachid-Ghezzal,dz ALG,FWMF,Leicester City,26,1992,8.3,42.8,56.1,76.2,748.8,202.9,22.4,25.8,86.9,13.5,18.4,73.2,5.30,8.80,60.3,0.00,0.20,-0.20,1.81,2.17,2.17,0.84,4.22,Matches
168,Morgan Gibbs-White\Morgan-Gibbs-White,eng ENG,MFFW,Wolves,18,2000,7.4,36.6,45.4,80.7,727.6,133.9,15.7,19.2,81.7,13.0,15.0,86.5,7.70,9.86,78.1,0.14,0.20,-0.07,1.62,2.70,1.08,0.00,2.70,Matches
169,Ben Gibson\Ben-Gibson,eng ENG,DF,Burnley,25,1993,0.7,30.0,45.7,65.6,574.3,184.3,12.9,15.7,81.8,12.9,15.7,81.8,4.29,14.3,30.0,0.00,0.00,0.00,0.00,1.43,0.00,0.00,2.86,Matches
170,Olivier Giroud\Olivier-Giroud,fr FRA,FW,Chelsea,31,1986,9.4,18.5,26.7,69.3,231.2,23.2,13.1,18.5,70.7,3.62,5.64,64.2,0.85,0.85,100.0,0.43,0.20,0.22,1.70,0.53,0.64,0.00,1.17,Matches
171,André Gomes\Andre-Gomes,pt POR,MF,Everton,25,1993,22.0,46.6,55.9,83.3,966.3,218.9,16.9,19.3,87.7,20.5,23.7,86.2,8.64,11.3,76.3,0.05,0.03,0.02,0.32,4.82,0.95,0.14,5.05,Matches
172,Angel Gomes\Angel-Gomes,eng ENG,MFFW,Manchester Utd,17,2000,0.3,66.7,76.7,87.0,1096.7,256.7,33.3,36.7,90.9,20.0,23.3,85.7,10.0,10.0,100.0,0.00,0.00,0.00,0.00,6.67,0.00,0.00,3.33,Matches
173,Joe Gomez\Joe-Gomez,eng ENG,DF,Liverpool,21,1997,11.8,59.7,70.2,85.1,1300.7,416.7,15.8,17.5,90.8,32.5,36.0,90.4,11.2,16.0,69.8,0.00,0.03,-0.03,0.51,3.39,0.25,0.08,2.88,Matches
174,Jon Gorenc Stanković\Jon-Gorenc-Stankovic,si SVN,MFDF,Huddersfield,22,1996,7.9,28.6,36.3,78.7,557.1,156.2,10.6,11.6,91.3,13.8,16.5,83.8,3.80,6.71,56.6,0.00,0.03,-0.03,0.51,2.53,0.25,0.13,2.66,Matches
175,Dan Gosling\Dan-Gosling,eng ENG,MF,Bournemouth,28,1990,19.3,39.1,49.3,79.4,763.8,213.4,15.5,18.3,84.7,17.9,21.4,83.8,5.39,8.50,63.4,0.05,0.06,-0.01,0.36,4.61,0.83,0.00,4.97,Matches
176,Karlan Grant\Karlan-Grant,eng ENG,FWMF,Huddersfield,20,1997,9.7,15.2,22.0,69.0,205.2,48.9,10.0,12.8,78.2,4.33,6.08,71.2,0.62,1.34,46.2,0.00,0.03,-0.03,0.82,0.82,0.21,0.00,1.13,Matches
177,Andre Gray\Andre-Gray,eng ENG,FW,Watford,27,1991,15.2,11.3,16.8,67.1,154.9,34.2,6.71,9.14,73.4,3.09,4.41,70.1,0.86,1.58,54.2,0.13,0.10,0.03,0.86,0.79,0.13,0.07,0.72,Matches
178,Demarai Gray\Demarai-Gray,eng ENG,FWMF,Leicester City,22,1996,22.1,23.7,32.1,73.8,365.4,77.6,14.2,17.0,83.5,6.92,9.28,74.6,2.04,4.12,49.5,0.05,0.03,0.01,0.50,1.81,0.81,0.00,2.04,Matches
179,Mason Greenwood\Mason-Greenwood,eng ENG,FW,Manchester Utd,16,2001,1.3,39.2,46.9,83.6,540.8,111.5,24.6,26.2,94.1,13.1,16.2,81.0,0.77,2.31,33.3,0.00,0.08,-0.08,2.31,1.54,1.54,0.00,3.08,Matches
180,Pascal Groß\Pascal-Gross,de GER,MF,Brighton,27,1991,20.7,31.6,45.8,69.0,634.5,207.3,15.1,17.7,85.0,9.81,13.3,73.6,6.14,13.2,46.4,0.14,0.23,-0.08,2.56,3.67,1.21,0.53,3.38,Matches
181,Vicente Guaita\Vicente-Guaita,es ESP,GK,Crystal Palace,31,1987,19.5,15.2,30.4,50.2,611.2,477.7,1.95,2.00,97.4,5.18,5.28,98.1,7.95,22.9,34.7,0.00,0.00,0.00,0.05,0.36,0.00,0.00,0.00,Matches
182,Mattéo Guendouzi\Matteo-Guendouzi,fr FRA,MF,Arsenal,19,1999,23.9,59.1,67.9,87.0,1140.2,306.9,22.4,24.6,91.1,27.3,30.1,90.8,8.74,11.3,77.1,0.00,0.09,-0.09,0.79,6.32,1.13,0.08,5.77,Matches
183,İlkay Gündoğan\Ilkay-Gundogan,de GER,MF,Manchester City,27,1990,23.7,77.5,88.4,87.7,1405.1,287.2,33.8,36.4,92.7,34.1,37.0,92.1,8.69,13.0,66.9,0.13,0.17,-0.05,1.81,7.81,2.15,0.21,7.00,Matches
184,Angus Gunn\Angus-Gunn,eng ENG,GK,Southampton,22,1996,12.0,9.92,25.6,38.8,474.3,381.9,0.58,0.58,100.0,2.67,2.67,100.0,6.67,22.3,29.9,0.00,0.00,0.00,0.00,0.92,0.00,0.00,0.00,Matches
185,Aron Gunnarsson\Aron-Gunnarsson,is ISL,MF,Cardiff City,29,1989,25.2,24.1,36.7,65.6,491.4,181.2,8.65,11.0,78.4,10.2,13.8,74.1,4.72,10.9,43.4,0.04,0.06,-0.02,0.52,2.38,0.44,0.08,2.42,Matches
186,Florent Hadergjonaj\Florent-Hadergjonaj,xk KVX,DFMF,Huddersfield,24,1994,20.5,34.3,47.8,71.8,613.3,240.4,15.9,18.3,86.9,14.0,18.8,74.3,3.90,8.59,45.5,0.00,0.08,-0.08,1.17,2.24,1.22,0.93,3.46,Matches
187,Ben Hamer\Ben-Hamer,eng ENG,GK,Huddersfield,30,1987,6.1,14.9,31.8,46.9,684.4,528.2,0.98,0.98,100.0,3.44,3.61,95.5,10.5,27.2,38.6,0.00,0.00,0.00,0.00,0.66,0.00,0.00,0.00,Matches
188,Kadeem Harris\Kadeem-Harris,eng ENG,MFFW,Cardiff City,25,1993,4.2,15.2,23.6,64.6,226.9,59.0,10.0,13.6,73.7,4.29,6.43,66.7,0.95,2.14,44.4,0.00,0.07,-0.07,1.19,0.48,1.43,0.71,1.43,Matches
189,Joe Hart\Joe-Hart,eng ENG,GK,Burnley,31,1987,19.0,13.8,30.5,45.2,728.0,613.8,0.32,0.32,100.0,3.05,3.21,95.1,10.4,26.9,38.7,0.00,0.00,0.00,0.05,0.95,0.05,0.00,0.05,Matches
190,Isaac Hayden\Isaac-Hayden,eng ENG,MF,Newcastle Utd,23,1995,20.7,28.1,35.0,80.2,474.3,105.2,13.8,15.9,86.7,11.4,13.6,83.6,2.46,4.11,60.0,0.19,0.08,0.11,0.97,2.37,0.48,0.10,2.46,Matches
191,Eden Hazard\Eden-Hazard,be BEL,FW,Chelsea,27,1991,32.5,49.1,61.5,79.8,856.5,225.3,25.8,30.2,85.4,16.2,19.5,83.1,6.31,9.54,66.1,0.46,0.29,0.17,2.86,3.82,3.32,0.34,6.83,Matches
192,Rhys Healey\Rhys-Healey,wal WAL,FWMF,Cardiff City,23,1994,0.6,3.33,16.7,20.0,73.3,40.0,1.67,5.00,33.3,0.00,1.67,0.0,1.67,6.67,25.0,0.00,0.00,0.00,0.00,0.00,0.00,0.00,0.00,Matches
193,Tom Heaton\Tom-Heaton,eng ENG,GK,Burnley,32,1986,19.0,14.9,30.8,48.5,733.8,621.8,0.68,0.68,100.0,3.89,4.00,97.4,10.4,26.2,39.6,0.00,0.00,0.00,0.11,1.42,0.00,0.00,0.05,Matches
194,Jordan Henderson\Jordan-Henderson,eng ENG,MF,Liverpool,28,1990,22.1,70.1,81.4,86.2,1448.4,320.7,23.1,25.5,90.8,33.8,37.1,91.1,12.4,16.6,74.9,0.14,0.07,0.07,0.63,8.73,1.22,0.32,6.02,Matches
195,Jeff Hendrick\Jeff-Hendrick,ie IRL,MFFW,Burnley,26,1992,22.9,22.3,30.4,73.3,365.5,93.8,11.0,13.4,82.7,8.82,11.2,78.6,1.83,3.71,49.4,0.00,0.07,-0.07,0.66,1.27,0.87,0.17,2.23,Matches
196,Wayne Hennessey\Wayne-Hennessey,wal WAL,GK,Crystal Palace,31,1987,17.5,14.8,27.9,53.1,618.6,486.0,1.03,1.03,100.0,5.26,5.31,98.9,8.51,21.5,39.5,0.00,0.00,0.00,0.00,0.57,0.00,0.00,0.06,Matches
197,Javier Hernández\Javier-Hernandez,mx MEX,FW,West Ham,30,1988,14.8,16.1,22.5,71.8,272.9,53.1,8.51,11.4,75.0,5.47,7.09,77.1,1.82,2.84,64.3,0.07,0.11,-0.05,0.41,1.49,0.61,0.00,1.55,Matches
198,Ander Herrera\Ander-Herrera,es ESP,MF,Manchester Utd,28,1989,15.6,55.4,63.5,87.3,906.4,259.9,26.7,28.8,92.9,23.8,26.4,90.3,3.78,5.96,63.4,0.19,0.06,0.13,0.77,3.97,0.64,0.06,5.26,Matches
199,Son Heung-min\Son-Heung-min,kr KOR,FWMF,Tottenham,26,1992,22.7,28.5,34.0,83.7,424.6,85.8,17.0,19.0,89.6,9.12,10.5,87.0,1.63,2.38,68.5,0.26,0.14,0.12,1.37,1.37,1.37,0.18,2.78,Matches
200,Gonzalo Higuaín\Gonzalo-Higuain,ar ARG,FW,Chelsea,30,1987,12.1,20.9,26.9,77.8,303.2,30.7,12.2,15.0,81.8,5.95,7.36,80.9,1.57,2.64,59.4,0.00,0.09,-0.09,1.24,0.66,0.74,0.00,0.91,Matches
201,Wesley Hoedt\Wesley-Hoedt,nl NED,DF,Southampton,24,1994,13.0,38.1,49.4,77.1,905.5,307.8,9.54,11.8,81.0,19.1,21.8,87.3,9.38,15.5,60.4,0.00,0.00,0.00,0.08,3.69,0.08,0.00,2.69,Matches
202,Jonathan Hogg\Jonathan-Hogg,eng ENG,MF,Huddersfield,29,1988,26.3,49.6,59.1,83.9,914.8,225.1,21.4,24.2,88.2,21.0,24.2,86.8,6.62,9.39,70.4,0.04,0.02,0.02,0.61,4.64,0.46,0.04,3.80,Matches
203,Junior Hoilett\Junior-Hoilett,ca CAN,FWMF,Cardiff City,28,1990,23.8,14.0,22.3,62.9,234.2,81.2,8.19,10.0,81.6,3.87,6.05,63.9,1.64,4.75,34.5,0.04,0.05,-0.01,0.97,0.46,0.55,0.08,1.30,Matches
204,Rob Holding\Rob-Holding,eng ENG,DF,Arsenal,22,1995,9.0,60.0,68.2,87.9,1249.0,408.4,21.2,23.2,91.4,29.3,32.1,91.3,9.11,12.2,74.5,0.00,0.01,-0.01,0.22,2.22,0.11,0.00,2.56,Matches
205,José Holebas\Jose-Holebas,gr GRE,DF,Watford,34,1984,26.6,30.8,50.0,61.6,622.1,294.1,12.4,14.8,84.2,11.8,17.4,67.7,6.02,15.8,38.1,0.23,0.14,0.09,1.35,1.99,0.60,0.38,2.82,Matches
206,Mason Holgate\Mason-Holgate,eng ENG,DF,Everton,21,1996,4.5,42.7,57.3,74.4,1008.2,350.0,10.7,13.1,81.4,20.7,25.3,81.6,11.1,18.0,61.7,0.00,0.00,0.00,0.00,8.00,0.67,0.00,5.78,Matches
207,Callum Hudson-Odoi\Callum-Hudson-Odoi,eng ENG,FW,Chelsea,17,2000,4.4,43.6,53.6,81.4,711.6,147.3,23.9,28.2,84.7,15.5,18.4,84.0,4.32,6.36,67.9,0.23,0.23,0.00,1.82,1.59,2.05,1.14,2.27,Matches
208,Will Hughes\Will-Hughes,eng ENG,MFFW,Watford,23,1995,26.9,28.7,37.4,76.8,428.3,141.1,17.1,20.3,84.2,8.62,10.9,79.5,1.97,3.94,50.0,0.15,0.13,0.02,1.04,2.42,1.08,0.19,3.72,Matches
209,Emerson Hyndman\Emerson-Hyndman,us USA,MF,Bournemouth,22,1996,0.4,42.5,57.5,73.9,730.0,72.5,22.5,30.0,75.0,15.0,17.5,85.7,2.50,2.50,100.0,0.00,0.00,0.00,0.00,5.00,0.00,0.00,2.50,Matches
210,Pierre Højbjerg\Pierre-Hojbjerg,dk DEN,MF,Southampton,22,1995,30.7,48.7,59.4,82.0,942.6,230.2,20.6,23.3,88.3,20.5,24.2,84.8,7.20,10.5,68.4,0.10,0.07,0.02,0.88,6.94,0.62,0.16,5.02,Matches
211,Jordon Ibe\Jordon-Ibe,eng ENG,MFFW,Bournemouth,22,1995,8.9,24.0,32.0,75.1,419.8,131.1,11.9,14.3,83.5,9.33,11.8,79.0,2.36,3.60,65.6,0.11,0.08,0.03,1.12,1.46,2.13,0.45,3.93,Matches
212,Vicente Iborra\Vicente-Iborra,es ESP,MF,Leicester City,30,1988,2.5,49.6,57.6,86.1,1092.0,249.6,17.2,19.2,89.6,19.2,22.0,87.3,12.0,13.6,88.2,0.00,0.00,0.00,0.40,6.00,0.40,0.00,4.00,Matches
213,Kelechi Iheanacho\Kelechi-Iheanacho,ng NGA,FWMF,Leicester City,21,1996,10.5,20.7,27.4,75.3,318.7,65.1,12.4,15.2,81.3,6.48,8.57,75.6,1.43,2.57,55.6,0.29,0.16,0.12,1.33,0.95,0.67,0.10,2.00,Matches
214,Danny Ings\Danny-Ings,eng ENG,FW,Southampton,26,1992,18.3,15.7,22.8,68.8,249.1,65.2,8.36,11.4,73.2,5.19,6.94,74.8,1.42,3.06,46.4,0.16,0.14,0.03,1.37,1.75,0.87,0.11,2.19,Matches
215,Alex Iwobi\Alex-Iwobi,ng NGA,FWMF,Arsenal,22,1996,21.9,35.3,47.1,75.1,585.8,169.1,17.8,21.1,84.2,14.3,18.2,78.9,2.83,5.21,54.4,0.27,0.25,0.02,1.78,2.19,2.69,0.64,5.11,Matches
216,José Izquierdo\Jose-Izquierdo,co COL,MFFW,Brighton,26,1992,8.8,18.4,23.9,77.1,279.5,92.3,10.7,12.6,84.7,6.25,7.84,79.7,1.02,1.93,52.9,0.11,0.06,0.06,0.57,1.02,0.45,0.11,1.93,Matches
217,Phil Jagielka\Phil-Jagielka,eng ENG,DFMF,Everton,35,1982,3.7,36.8,47.8,76.8,911.4,224.1,7.30,8.38,87.1,19.2,22.7,84.5,10.3,16.2,63.3,0.00,0.05,-0.05,0.27,2.16,0.00,0.00,1.62,Matches
218,Alireza Jahanbakhsh\Alireza-Jahanbakhsh,ir IRN,FWMF,Brighton,24,1993,11.3,18.6,27.1,68.6,336.3,106.7,9.38,11.9,79.1,6.46,8.76,73.7,2.39,4.69,50.9,0.00,0.03,-0.03,0.35,1.42,0.53,0.09,2.04,Matches
219,Daryl Janmaat\Daryl-Janmaat,nl NED,DF,Watford,29,1989,16.9,33.3,47.0,70.8,636.0,277.8,14.8,16.7,88.3,13.2,18.1,72.9,5.15,11.1,46.5,0.12,0.04,0.08,0.59,2.84,1.36,0.65,3.67,Matches
220,Vincent Janssen\Vincent-Janssen,nl NED,FW,Tottenham,24,1994,0.4,17.5,25.0,70.0,170.0,0.00,17.5,20.0,87.5,0.00,2.50,0.0,0.00,0.00,,0.00,0.00,0.00,0.00,0.00,0.00,0.00,0.00,Matches
221,Carl Jenkinson\Carl-Jenkinson,eng ENG,DF,Arsenal,26,1992,1.8,40.0,51.1,78.3,645.0,169.4,17.2,20.0,86.1,21.1,22.2,95.0,1.11,4.44,25.0,0.00,0.00,0.00,0.00,1.11,0.56,0.00,1.67,Matches
222,Gabriel Jesus\Gabriel-Jesus,br BRA,FW,Manchester City,21,1997,11.5,25.7,31.1,82.7,350.5,44.9,15.9,18.9,84.3,8.09,9.22,87.7,1.04,1.39,75.0,0.26,0.15,0.11,1.74,1.22,0.52,0.00,1.74,Matches
223,Raúl Jiménez\Raul-Jimenez,mx MEX,FW,Wolves,27,1991,34.6,22.8,31.0,73.6,364.3,66.2,12.6,15.6,80.8,7.34,9.88,74.3,2.25,3.61,62.4,0.20,0.21,-0.01,1.21,1.27,1.13,0.14,2.20,Matches
224,Stefan Johansen\Stefan-Johansen,no NOR,MF,Fulham,27,1991,4.6,41.7,54.3,76.8,781.5,290.4,19.1,22.4,85.4,16.3,20.7,78.9,5.65,9.57,59.1,0.00,0.02,-0.02,0.22,4.35,0.87,0.00,5.65,Matches
225,Ben Johnson\Ben-Johnson,eng ENG,DF,West Ham,18,2000,0.7,27.1,31.4,86.4,341.4,164.3,18.6,18.6,100.0,8.57,8.57,100.0,0.00,2.86,0.0,0.00,0.00,0.00,0.00,1.43,0.00,0.00,0.00,Matches
226,Tyreke Johnson\Tyreke-Johnson,eng ENG,FW,Southampton,19,1998,0.0,0,0,,0,0,0,0,,0,0,,0,0,,0,0.0,0.0,0,0,0,0,0,Matches
227,Phil Jones\Phil-Jones,eng ENG,DF,Manchester Utd,26,1992,14.0,49.4,53.4,92.5,1038.4,288.3,14.9,16.0,92.9,25.7,27.6,93.3,8.71,9.50,91.7,0.07,0.04,0.04,0.21,2.21,0.14,0.00,2.21,Matches
228,Jorginho\Jorginho,it ITA,MF,Chelsea,26,1991,35.1,77.0,86.4,89.1,1285.6,392.3,38.8,41.8,92.8,30.7,34.1,90.1,6.55,8.60,76.2,0.00,0.09,-0.09,0.83,9.91,1.34,0.03,8.97,Matches
229,Joselu\Joselu,es ESP,FW,Newcastle Utd,28,1990,6.6,18.8,29.5,63.6,275.6,50.6,12.0,18.2,65.8,4.55,6.97,65.2,1.82,2.27,80.0,0.00,0.00,0.00,0.15,1.36,0.15,0.00,1.82,Matches
230,Diogo Jota\Diogo-Jota,pt POR,FWMF,Wolves,21,1996,26.2,22.8,30.1,75.8,368.7,78.5,12.4,14.9,83.4,7.82,10.2,76.5,2.02,3.13,64.6,0.19,0.15,0.04,1.03,1.83,0.92,0.23,2.75,Matches
231,Mathias Jørgensen\Mathias-Jorgensen,dk DEN,DF,Huddersfield,28,1990,23.9,39.5,48.4,81.7,793.3,335.6,13.2,15.1,87.8,19.3,22.0,87.6,6.36,10.0,63.6,0.04,0.01,0.03,0.33,3.43,0.13,0.00,4.39,Matches
232,Christian Kabasele\Christian-Kabasele,be BEL,DF,Watford,27,1991,17.6,24.4,33.4,73.0,544.6,190.6,6.99,8.64,80.9,11.6,14.4,81.0,5.28,9.60,55.0,0.00,0.01,-0.01,0.06,1.70,0.00,0.00,1.82,Matches
233,Elias Kachunga\Elias-Kachunga,cd COD,FWMF,Huddersfield,26,1992,13.1,17.6,24.4,72.1,253.0,53.8,10.2,12.4,81.6,5.42,7.86,68.9,1.15,1.83,62.5,0.00,0.02,-0.02,0.31,1.22,0.38,0.38,1.15,Matches
234,Aboubakar Kamara\Aboubakar-Kamara,fr FRA,FWMF,Fulham,23,1995,7.7,22.6,32.2,70.2,372.2,70.0,11.8,15.7,75.2,8.83,10.8,81.9,1.95,4.42,44.1,0.00,0.14,-0.14,1.43,0.78,0.39,0.13,1.43,Matches
235,Harry Kane\Harry-Kane,eng ENG,FW,Tottenham,25,1993,26.9,15.7,21.4,73.6,303.5,80.1,7.29,9.18,79.4,5.43,6.91,78.5,2.68,4.16,64.3,0.15,0.15,0.00,1.08,2.16,0.63,0.11,2.79,Matches
236,N'Golo Kanté\NGolo-Kante,fr FRA,MF,Chelsea,27,1991,34.4,52.5,59.8,87.8,833.0,186.1,28.0,31.3,89.7,19.6,21.5,90.8,3.60,4.62,78.0,0.12,0.11,0.01,1.37,4.33,1.16,0.20,4.10,Matches
237,Beram Kayal\Beram-Kayal,il ISR,MF,Brighton,30,1988,10.4,19.5,28.1,69.5,347.9,106.4,8.46,10.5,80.7,8.85,11.7,75.4,1.83,4.71,38.8,0.10,0.10,0.00,0.48,1.92,0.29,0.10,2.60,Matches
238,Michael Keane\Michael-Keane,eng ENG,DF,Everton,25,1993,33.0,38.9,47.2,82.5,872.8,325.7,9.36,11.1,84.7,22.0,24.6,89.4,7.39,11.0,67.2,0.06,0.02,0.04,0.24,2.94,0.12,0.00,3.15,Matches
239,Neeskens Kebano\Neeskens-Kebano,cd COD,FWMF,Fulham,26,1992,1.2,20.8,26.7,78.1,328.3,44.2,13.3,15.8,84.2,6.67,9.17,72.7,0.83,0.83,100.0,0.00,0.00,0.00,0.00,1.67,0.00,0.00,0.83,Matches
240,Naby Keïta\Naby-Keita,gn GUI,MF,Liverpool,23,1995,15.4,58.3,65.8,88.6,953.4,235.4,30.5,33.4,91.2,21.9,24.7,88.5,5.39,6.56,82.2,0.06,0.07,-0.01,0.65,6.17,2.14,0.06,7.27,Matches
241,Martin Kelly\Martin-Kelly,eng ENG,DF,Crystal Palace,28,1990,12.3,21.4,28.1,76.0,470.1,205.0,6.83,8.13,84.0,9.43,11.0,85.9,4.96,8.70,57.0,0.00,0.01,-0.01,0.08,1.54,0.16,0.00,1.22,Matches
242,Kenedy\Kenedy,br BRA,MFFW,Newcastle Utd,22,1996,15.0,25.7,36.5,70.4,449.4,144.7,12.5,15.5,80.6,9.53,12.4,76.9,3.20,5.87,54.5,0.07,0.05,0.01,0.73,2.20,0.87,0.33,2.67,Matches
243,Jonjoe Kenny\Jonjoe-Kenny,eng ENG,DF,Everton,21,1997,8.8,49.0,65.3,75.0,870.0,427.3,23.2,26.2,88.3,20.5,26.7,76.6,5.00,10.8,46.3,0.11,0.03,0.08,0.57,5.34,1.48,0.34,6.70,Matches
244,Max Kilman\Max-Kilman,eng ENG,DF,Wolves,21,1997,0.0,0,0,,0,0,0,0,,0,0,,0,0,,0,0.0,0.0,0,0,0,0,0,Matches
245,Joshua King\Joshua-King,no NOR,FW,Bournemouth,26,1992,32.9,18.4,26.4,69.9,286.0,67.2,10.4,13.4,77.5,6.41,9.15,70.1,1.28,2.34,54.5,0.09,0.12,-0.03,1.12,1.28,1.19,0.21,2.55,Matches
246,Anthony Knockaert\Anthony-Knockaert,fr FRA,FWMF,Brighton,26,1991,20.4,25.6,36.1,71.1,481.5,156.0,13.3,16.1,82.6,7.70,10.3,74.8,4.26,8.28,51.5,0.29,0.21,0.09,1.96,1.08,0.88,0.29,2.06,Matches
247,Sead Kolašinac\Sead-Kolasinac,ba BIH,DF,Arsenal,25,1993,21.0,46.3,58.4,79.3,730.0,247.4,25.2,28.8,87.4,17.6,22.1,79.4,2.81,4.81,58.4,0.24,0.26,-0.02,1.52,2.48,1.14,0.43,3.62,Matches
248,Vincent Kompany\Vincent-Kompany,be BEL,DF,Manchester City,32,1986,13.6,82.9,89.1,93.0,1775.7,571.5,23.4,25.0,93.5,44.0,46.2,95.2,15.2,17.4,87.7,0.00,0.01,-0.01,0.22,8.01,0.07,0.00,5.00,Matches
249,Terence Kongolo\Terence-Kongolo,nl NED,DF,Huddersfield,24,1994,30.2,31.5,41.5,76.0,620.5,277.7,11.6,13.5,86.0,15.2,18.3,83.2,4.57,8.74,52.3,0.03,0.03,0.00,0.30,2.45,0.36,0.13,2.62,Matches
250,Laurent Koscielny\Laurent-Koscielny,fr FRA,DF,Arsenal,32,1985,14.8,54.4,58.9,92.4,1262.8,324.5,12.6,13.4,94.4,28.5,29.9,95.3,13.0,14.9,87.3,0.00,0.01,-0.01,0.14,1.82,0.14,0.00,1.69,Matches
251,Cheikhou Kouyaté\Cheikhou-Kouyate,sn SEN,MF,Crystal Palace,28,1989,21.1,30.3,37.8,80.1,475.4,154.4,16.7,19.6,85.0,10.6,12.9,81.7,2.23,3.55,62.7,0.09,0.04,0.05,0.71,3.18,0.28,0.14,3.13,Matches
252,Mateo Kovačić\Mateo-Kovacic,hr CRO,MF,Chelsea,24,1994,19.3,70.2,76.9,91.2,1121.3,266.0,38.4,41.0,93.7,26.1,27.9,93.3,4.72,6.27,75.2,0.10,0.12,-0.02,1.30,7.05,1.09,0.05,5.08,Matches
253,Rajiv van La Parra\Rajiv-van-La-Parra,nl NED,MFFW,Huddersfield,27,1991,4.5,20.9,26.9,77.7,362.7,65.6,9.11,11.3,80.4,8.89,10.0,88.9,2.22,3.78,58.8,0.00,0.02,-0.02,1.11,1.33,0.22,0.00,1.78,Matches
254,Alexandre Lacazette\Alexandre-Lacazette,fr FRA,FW,Arsenal,27,1991,27.8,20.8,28.7,72.6,290.8,76.6,12.4,15.6,79.5,5.90,7.88,74.9,1.08,2.12,50.8,0.29,0.10,0.18,1.04,1.15,1.62,0.11,2.73,Matches
255,Adam Lallana\Adam-Lallana,eng ENG,MFFW,Liverpool,30,1988,5.2,48.7,58.5,83.2,646.2,169.4,33.7,38.3,87.9,11.0,12.9,85.1,2.31,4.23,54.5,0.00,0.10,-0.10,1.73,2.50,1.73,0.00,6.35,Matches
256,Érik Lamela\Erik-Lamela,ar ARG,FWMF,Tottenham,26,1992,10.8,34.1,41.6,82.0,525.2,115.4,20.5,22.7,90.2,9.81,12.2,80.3,3.06,4.54,67.3,0.19,0.25,-0.06,2.22,2.41,1.85,0.19,3.33,Matches
257,Manuel Lanzini\Manuel-Lanzini,ar ARG,MF,West Ham,25,1993,7.6,53.7,62.0,86.6,747.6,230.8,31.4,33.8,93.0,17.6,20.4,86.5,2.11,4.21,50.0,0.13,0.14,-0.01,0.79,3.68,0.92,0.00,5.13,Matches
258,Aymeric Laporte\Aymeric-Laporte,fr FRA,DF,Manchester City,24,1994,34.0,82.1,89.1,92.2,1738.8,579.3,23.4,24.6,95.2,45.5,47.8,95.3,12.9,16.0,80.2,0.09,0.03,0.06,0.41,9.47,0.21,0.00,7.12,Matches
259,Jamaal Lascelles\Jamaal-Lascelles,eng ENG,DF,Newcastle Utd,24,1993,30.5,27.4,35.6,76.9,601.4,198.9,7.41,9.34,79.3,14.5,17.3,83.7,5.28,8.26,63.9,0.03,0.01,0.02,0.07,1.38,0.00,0.00,1.67,Matches
260,Maxime Le Marchand\Maxime-Le-Marchand,fr FRA,DF,Fulham,28,1989,25.0,47.8,57.9,82.5,951.2,374.0,17.4,18.9,92.2,23.4,26.1,89.9,6.72,12.0,56.2,0.04,0.02,0.02,0.28,2.28,0.36,0.12,2.68,Matches
261,Florian Lejeune\Florian-Lejeune,fr FRA,DF,Newcastle Utd,27,1991,11.7,36.5,47.4,77.1,937.3,330.3,8.97,11.1,80.8,17.0,19.7,86.5,10.5,15.9,66.1,0.00,0.03,-0.03,0.26,4.19,0.26,0.00,2.74,Matches
262,Mario Lemina\Mario-Lemina,ga GAB,MF,Southampton,24,1993,17.9,39.3,46.5,84.5,720.8,183.4,17.1,18.9,90.5,16.9,19.7,85.8,4.80,6.87,69.9,0.06,0.02,0.03,0.61,3.74,0.67,0.06,3.91,Matches
263,Aaron Lennon\Aaron-Lennon,eng ENG,FWMF,Burnley,31,1987,13.5,17.4,23.4,74.4,275.6,56.7,9.63,11.8,81.8,6.59,8.00,82.4,1.11,2.44,45.5,0.07,0.04,0.03,0.52,0.52,0.52,0.15,1.26,Matches
264,Bernd Leno\Bernd-Leno,de GER,GK,Arsenal,26,1992,31.5,24.7,35.0,70.7,703.4,397.3,3.24,3.30,98.1,13.6,13.7,99.5,7.78,17.8,43.7,0.00,0.00,0.00,0.00,0.13,0.00,0.00,0.06,Matches
265,Jefferson Lerma\Jefferson-Lerma,co COL,MF,Bournemouth,23,1994,27.8,47.5,56.3,84.3,898.1,244.2,19.3,22.0,87.7,21.6,24.1,89.6,6.04,8.85,68.3,0.00,0.03,-0.03,0.54,4.17,0.47,0.04,3.99,Matches
266,Stephan Lichtsteiner\Stephan-Lichtsteiner,ch SUI,DF,Arsenal,34,1984,10.4,44.2,57.7,76.7,774.6,252.7,19.2,22.0,87.3,21.2,25.3,83.7,3.56,7.50,47.4,0.00,0.00,0.00,0.19,2.12,0.67,0.10,2.69,Matches
267,Victor Lindelöf\Victor-Lindelof,se SWE,DF,Manchester Utd,24,1994,28.9,45.8,51.2,89.3,898.1,311.9,15.6,16.7,93.2,24.0,25.4,94.7,5.74,8.20,70.0,0.03,0.03,0.00,0.14,1.97,0.21,0.00,2.42,Matches
268,Jesse Lingard\Jesse-Lingard,eng ENG,FWMF,Manchester Utd,25,1992,18.5,36.1,42.6,84.8,524.7,99.7,21.0,23.2,90.2,11.6,13.7,84.6,1.95,3.03,64.3,0.11,0.11,-0.01,0.92,3.19,0.76,0.05,2.54,Matches
269,Fernando Llorente\Fernando-Llorente,es ESP,FW,Tottenham,33,1985,7.7,19.7,28.6,69.1,266.2,36.6,12.5,17.0,73.3,5.71,8.18,69.8,0.78,1.95,40.0,0.52,0.17,0.35,1.43,1.17,0.26,0.00,0.78,Matches
270,Hugo Lloris\Hugo-Lloris,fr FRA,GK,Tottenham,31,1986,33.0,27.0,35.4,76.1,851.7,494.4,2.42,2.42,100.0,13.7,13.9,98.0,10.9,19.1,57.1,0.00,0.00,0.00,0.03,0.30,0.00,0.00,0.00,Matches
271,Jürgen Locadia\Jurgen-Locadia,nl NED,FWMF,Brighton,24,1993,13.7,19.2,26.1,73.7,325.8,72.6,10.9,14.1,77.2,5.77,7.59,76.0,2.19,3.21,68.2,0.00,0.07,-0.07,0.95,0.88,0.80,0.22,1.53,Matches
272,Ruben Loftus-Cheek\Ruben-Loftus-Cheek,eng ENG,MFFW,Chelsea,22,1996,11.1,49.5,56.2,88.0,747.5,143.2,28.5,30.9,92.1,17.0,19.4,87.9,2.88,3.33,86.5,0.18,0.13,0.05,1.53,4.05,0.72,0.00,4.41,Matches
273,Kevin Long\Kevin-Long,ie IRL,DF,Burnley,27,1990,5.7,24.4,31.1,78.5,603.0,207.0,5.09,6.49,78.4,11.8,13.3,88.2,7.37,10.7,68.9,0.18,0.00,0.18,0.00,1.40,0.00,0.00,1.75,Matches
274,Shane Long\Shane-Long,ie IRL,FWMF,Southampton,31,1987,14.1,15.0,23.3,64.1,205.5,40.7,9.08,12.8,70.7,4.61,6.88,67.0,0.64,1.91,33.3,0.07,0.07,0.00,0.92,0.92,0.35,0.14,1.42,Matches
275,Sean Longstaff\Sean-Longstaff,eng ENG,MF,Newcastle Utd,20,1997,7.6,31.1,38.8,80.0,649.6,137.6,11.8,13.7,86.5,13.9,15.3,91.4,5.13,9.21,55.7,0.00,0.09,-0.09,0.66,3.82,0.79,0.13,3.42,Matches
276,Ademola Lookman\Ademola-Lookman,eng ENG,FWMF,Everton,20,1997,6.9,32.0,39.6,81.0,475.7,137.4,18.4,20.9,88.2,11.4,13.3,85.9,1.45,3.19,45.5,0.29,0.17,0.12,1.30,2.61,1.59,0.58,4.20,Matches
277,Jonas Lössl\Jonas-Lossl,dk DEN,GK,Huddersfield,29,1989,30.9,22.4,35.5,63.2,895.6,659.5,1.23,1.26,97.4,8.03,8.12,98.8,13.2,26.1,50.5,0.03,0.02,0.02,0.10,0.68,0.00,0.00,0.00,Matches
278,Dejan Lovren\Dejan-Lovren,hr CRO,DF,Liverpool,29,1989,11.0,65.1,73.5,88.5,1371.0,453.8,16.5,17.5,94.3,39.5,42.1,93.7,8.82,13.3,66.4,0.00,0.02,-0.02,0.09,2.91,0.18,0.09,2.45,Matches
279,Chris Löwe\Chris-Lowe,de GER,DFMF,Huddersfield,29,1989,22.9,32.6,47.2,69.1,642.9,216.6,13.4,15.8,85.1,13.4,17.9,74.8,5.46,11.3,48.4,0.09,0.07,0.02,0.79,1.75,1.22,0.79,2.36,Matches
280,Matthew Lowton\Matthew-Lowton,eng ENG,DF,Burnley,29,1989,19.4,32.1,46.9,68.5,669.0,315.8,11.9,14.1,84.3,14.5,19.4,74.8,5.41,12.4,43.6,0.00,0.03,-0.03,0.41,3.51,0.98,0.36,3.76,Matches
281,David Luiz\David-Luiz,br BRA,DF,Chelsea,31,1987,36.0,63.7,72.8,87.5,1476.3,515.8,16.0,17.4,92.0,33.4,35.9,93.1,13.8,18.7,74.0,0.06,0.08,-0.02,0.44,6.67,0.56,0.03,6.06,Matches
282,Romelu Lukaku\Romelu-Lukaku,be BEL,FW,Manchester Utd,25,1993,23.7,16.0,24.6,65.0,241.5,56.1,9.92,13.0,76.1,4.22,7.81,54.1,1.43,2.62,54.8,0.00,0.11,-0.11,1.01,1.27,1.14,0.17,1.86,Matches
283,James Maddison\James-Maddison,eng ENG,MFFW,Leicester City,21,1996,31.5,39.5,51.3,76.9,757.0,239.1,18.1,20.7,87.4,14.3,17.3,82.7,6.57,11.9,55.3,0.22,0.23,-0.00,3.05,4.35,1.62,0.16,4.92,Matches
284,Gary Madine\Gary-Madine,eng ENG,FWMF,Cardiff City,27,1990,0.4,30.0,32.5,92.3,405.0,107.5,15.0,15.0,100.0,12.5,15.0,83.3,0.00,0.00,,0.00,0.00,0.00,0.00,5.00,2.50,0.00,7.50,Matches
285,Harry Maguire\Harry-Maguire,eng ENG,DF,Leicester City,25,1993,28.8,51.9,60.7,85.5,1227.7,406.6,13.3,15.1,87.6,25.7,28.2,91.3,12.5,16.4,76.6,0.00,0.01,-0.01,0.31,6.15,0.35,0.00,5.14,Matches
286,Riyad Mahrez\Riyad-Mahrez,dz ALG,FWMF,Manchester City,27,1991,14.9,48.1,59.3,81.1,887.9,190.5,21.1,24.0,88.0,19.7,23.1,85.5,6.64,10.3,64.7,0.27,0.28,-0.01,1.68,1.95,3.02,0.67,4.70,Matches
287,Ainsley Maitland-Niles\Ainsley-Maitland-Niles,eng ENG,DF,Arsenal,20,1997,11.0,41.3,51.9,79.5,717.5,249.1,19.9,22.8,87.3,17.3,20.5,84.4,3.64,6.36,57.1,0.09,0.11,-0.02,0.55,3.00,1.27,0.09,4.82,Matches
288,Sadio Mané\Sadio-Mane,sn SEN,FW,Liverpool,26,1992,34.2,27.3,35.5,76.7,451.4,98.1,14.9,18.0,82.9,9.44,11.9,79.6,2.43,3.89,62.4,0.03,0.13,-0.10,1.26,2.25,1.29,0.12,3.10,Matches
289,Javier Manquillo\Javier-Manquillo,es ESP,DF,Newcastle Utd,24,1994,12.2,28.9,42.4,68.1,503.7,216.6,13.0,16.1,80.7,12.5,17.7,70.4,2.87,6.48,44.3,0.25,0.07,0.17,0.66,2.21,0.90,0.25,3.28,Matches
290,Solly March\Solly-March,eng ENG,FWMF,Brighton,24,1994,27.4,21.8,33.7,64.6,412.8,116.5,10.5,12.9,81.6,7.26,11.0,66.1,3.50,7.26,48.2,0.18,0.14,0.04,1.39,1.28,1.24,0.73,1.68,Matches
291,Adrian Mariappa\Adrian-Mariappa,jm JAM,DF,Watford,31,1986,21.4,34.4,41.1,83.7,741.2,273.8,10.5,11.7,90.0,17.1,18.7,91.3,6.54,10.1,64.5,0.00,0.03,-0.03,0.23,2.20,0.14,0.05,1.92,Matches
292,Lazar Marković\Lazar-Markovic,rs SRB,FW,Fulham,24,1994,0.5,58.0,60.0,96.7,776.0,194.0,38.0,38.0,100.0,14.0,14.0,100.0,4.00,4.00,100.0,0.00,0.00,0.00,2.00,4.00,2.00,0.00,4.00,Matches
293,Anthony Martial\Anthony-Martial,fr FRA,FW,Manchester Utd,22,1995,18.0,31.9,41.8,76.5,439.8,124.9,20.3,24.2,84.1,9.94,13.1,76.2,1.00,2.11,47.4,0.11,0.16,-0.04,1.83,1.94,1.67,0.22,4.33,Matches
294,Adam Masina\Adam-Masina,it ITA,DF,Watford,24,1994,11.2,38.9,50.4,77.2,694.2,308.5,18.3,21.0,87.2,16.3,19.8,82.4,3.66,7.50,48.8,0.09,0.04,0.05,0.18,2.68,0.36,0.18,3.21,Matches
295,Arthur Masuaku\Arthur-Masuaku,cd COD,DF,West Ham,24,1993,19.5,45.0,56.0,80.4,783.9,321.9,22.9,25.1,91.2,16.4,20.3,81.0,5.03,8.72,57.6,0.05,0.08,-0.03,0.77,3.33,0.67,0.31,3.49,Matches
296,Juan Mata\Juan-Mata,es ESP,FWMF,Manchester Utd,30,1988,14.3,43.2,53.6,80.7,768.0,189.1,22.3,24.5,91.1,14.2,17.0,83.5,6.01,10.5,57.3,0.14,0.21,-0.07,2.03,4.34,1.75,0.42,4.48,Matches
297,Nemanja Matić\Nemanja-Matic,rs SRB,MF,Manchester Utd,29,1988,27.1,58.3,66.3,87.9,1113.3,289.3,24.7,27.0,91.4,24.9,27.6,90.1,7.82,10.1,77.4,0.00,0.03,-0.03,0.52,6.38,0.77,0.15,5.42,Matches
298,Joël Matip\Joel-Matip,cm CMR,DF,Liverpool,26,1991,17.1,67.7,77.2,87.7,1470.1,439.2,16.1,17.8,90.8,40.4,43.0,94.0,10.9,15.7,69.1,0.00,0.01,-0.01,0.12,4.97,0.29,0.00,3.45,Matches
299,Konstantinos Mavropanos\Konstantinos-Mavropanos,gr GRE,DF,Arsenal,20,1997,1.6,78.1,83.1,94.0,1670.0,351.9,21.9,22.5,97.2,40.0,43.1,92.8,15.0,15.6,96.0,0.00,0.13,-0.13,0.63,7.50,0.00,0.00,5.00,Matches
300,Alfie Mawson\Alfie-Mawson,eng ENG,DF,Fulham,24,1994,12.6,31.5,38.7,81.5,711.9,233.7,7.54,8.41,89.6,17.5,19.2,90.9,6.35,10.6,60.2,0.00,0.00,0.00,0.08,1.51,0.00,0.00,2.06,Matches
301,Isaac Mbenza\Isaac-Mbenza,be BEL,FWMF,Huddersfield,22,1996,11.0,17.1,25.6,66.7,281.4,77.2,9.18,12.0,76.5,5.73,8.00,71.6,2.00,4.36,45.8,0.09,0.07,0.02,0.64,0.82,0.64,0.45,1.45,Matches
302,James McArthur\James-McArthur,sco SCO,MF,Crystal Palace,30,1987,34.0,33.9,42.8,79.2,605.2,154.3,15.3,17.9,85.2,14.2,16.9,84.1,3.94,6.41,61.5,0.18,0.10,0.08,0.88,3.12,0.50,0.06,2.65,Matches
303,Alex McCarthy\Alex-McCarthy,eng ENG,GK,Southampton,28,1989,25.0,12.7,25.5,49.9,494.5,360.4,1.20,1.20,100.0,5.20,5.32,97.7,6.32,18.9,33.5,0.00,0.00,0.00,0.00,0.68,0.00,0.00,0.00,Matches
304,James McCarthy\James-McCarthy,ie IRL,MF,Everton,27,1990,0.2,35.0,40.0,87.5,535.0,55.0,15.0,15.0,100.0,10.0,10.0,100.0,5.00,5.00,100.0,0.00,0.00,0.00,0.00,5.00,0.00,0.00,0.00,Matches
305,Kevin McDonald\Kevin-McDonald,sco SCO,MF,Fulham,29,1988,9.3,52.0,61.0,85.4,990.1,257.4,22.3,24.3,91.6,21.6,24.3,88.9,7.53,11.4,66.0,0.00,0.01,-0.01,0.32,4.95,0.00,0.00,3.76,Matches
306,Dwight McNeil\Dwight-McNeil,eng ENG,MFFW,Burnley,18,1999,17.7,21.6,33.0,65.6,394.0,127.2,11.1,13.4,82.8,7.06,9.72,72.7,2.99,7.51,39.8,0.28,0.19,0.10,1.53,1.41,1.13,0.79,1.64,Matches
307,Scott McTominay\Scott-McTominay,sco SCO,MFDF,Manchester Utd,21,1996,9.6,40.3,47.4,85.1,722.6,204.2,18.5,20.1,92.2,16.6,19.3,85.9,4.69,7.08,66.2,0.00,0.00,0.00,0.10,3.44,0.10,0.00,2.92,Matches
308,Ben Mee\Ben-Mee,eng ENG,DF,Burnley,28,1989,38.0,29.4,39.1,75.4,719.4,284.5,7.45,9.08,82.0,13.3,15.6,85.8,8.50,13.8,61.8,0.05,0.03,0.02,0.24,3.21,0.13,0.03,2.42,Matches
309,Nathaniel Mendez-Laing\Nathaniel-Mendez-Laing,eng ENG,MFFW,Cardiff City,26,1992,10.9,15.9,26.1,60.9,245.1,106.1,9.72,12.9,75.2,4.68,7.43,63.0,1.19,2.94,40.6,0.09,0.14,-0.05,1.83,1.38,0.92,0.55,2.66,Matches
310,Benjamin Mendy\Benjamin-Mendy,fr FRA,DF,Manchester City,24,1994,10.0,66.8,79.1,84.5,1196.2,386.1,27.3,30.1,90.7,33.4,37.8,88.4,5.60,9.90,56.6,0.50,0.13,0.37,1.20,5.40,2.70,1.10,8.50,Matches
311,Nampalys Mendy\Nampalys-Mendy,fr FRA,MF,Leicester City,26,1992,23.2,41.8,47.7,87.6,732.9,165.0,19.2,21.1,91.0,17.8,19.4,92.0,4.27,6.03,70.7,0.00,0.01,-0.01,0.26,4.09,0.22,0.13,3.28,Matches
312,Chris Mepham\Chris-Mepham,wal WAL,DF,Bournemouth,20,1997,9.4,34.5,41.6,82.9,729.8,236.7,9.57,10.6,90.0,19.1,22.0,87.0,5.53,8.40,65.8,0.11,0.00,0.11,0.00,1.81,0.00,0.00,2.34,Matches
313,Max Meyer\Max-Meyer,de GER,MFFW,Crystal Palace,22,1995,15.7,36.1,44.4,81.2,538.4,137.2,20.6,23.7,87.1,12.5,14.8,84.9,2.17,3.95,54.8,0.13,0.08,0.05,1.46,2.87,0.83,0.13,3.18,Matches
314,Luka Milivojević\Luka-Milivojevic,rs SRB,MF,Crystal Palace,27,1991,38.0,42.9,56.3,76.1,853.6,265.9,15.8,18.1,87.5,19.5,22.9,85.4,6.84,13.7,50.0,0.05,0.08,-0.03,1.55,4.76,0.68,0.21,4.68,Matches
315,James Milner\James-Milner,eng ENG,MFDF,Liverpool,32,1986,19.9,65.3,81.1,80.5,1302.6,462.1,26.8,30.3,88.6,27.1,31.2,86.8,10.6,17.0,62.1,0.20,0.24,-0.04,2.26,7.19,2.06,0.35,7.89,Matches
316,Yerry Mina\Yerry-Mina,co COL,DF,Everton,23,1994,9.9,41.7,49.3,84.6,940.1,329.7,9.60,11.3,84.8,22.9,24.8,92.3,9.09,12.6,72.0,0.00,0.02,-0.02,0.30,2.83,0.10,0.00,3.23,Matches
317,Tyrone Mings\Tyrone-Mings,eng ENG,DF,Bournemouth,25,1993,1.6,46.3,56.9,81.3,860.6,309.4,18.1,21.9,82.9,22.5,25.0,90.0,5.00,8.13,61.5,0.00,0.00,0.00,0.00,5.00,0.00,0.00,3.13,Matches
318,Aleksandar Mitrović\Aleksandar-Mitrovic,rs SRB,FW,Fulham,23,1994,36.4,20.9,28.9,72.3,289.0,51.8,13.5,17.5,77.2,5.66,8.35,67.8,1.02,1.51,67.3,0.08,0.07,0.01,0.71,1.24,0.44,0.00,1.73,Matches
319,Henrikh Mkhitaryan\Henrikh-Mkhitaryan,am ARM,FWMF,Arsenal,29,1989,18.2,36.3,47.9,75.8,579.6,166.9,19.0,22.7,83.6,13.7,16.7,82.2,2.69,5.60,48.0,0.22,0.24,-0.02,1.48,3.68,1.76,0.11,4.95,Matches
320,Nacho Monreal\Nacho-Monreal,es ESP,DF,Arsenal,32,1986,20.7,54.2,62.6,86.5,906.0,317.5,26.1,27.9,93.6,22.9,26.0,88.3,4.20,6.57,64.0,0.14,0.06,0.08,0.53,3.29,0.68,0.14,3.67,Matches
321,Martín Montoya\Martin-Montoya,es ESP,DF,Brighton,27,1991,24.1,37.1,47.5,78.2,660.4,292.9,16.4,18.3,90.0,16.6,21.0,79.4,3.78,6.60,57.2,0.04,0.05,-0.00,0.79,2.78,1.12,0.50,3.53,Matches
322,Aaron Mooy\Aaron-Mooy,au AUS,MFFW,Huddersfield,27,1990,25.9,41.6,55.1,75.5,745.6,240.0,21.1,24.1,87.4,14.4,17.8,80.9,5.56,11.0,50.5,0.04,0.11,-0.07,1.66,5.17,1.12,0.35,4.79,Matches
323,Álvaro Morata\Alvaro-Morata,es ESP,FW,Chelsea,25,1992,10.5,16.3,20.9,78.1,245.0,22.4,8.95,11.1,80.3,5.14,6.67,77.1,1.33,1.90,70.0,0.00,0.02,-0.02,0.57,1.24,0.10,0.00,0.48,Matches
324,Alberto Moreno\Alberto-Moreno,es ESP,DF,Liverpool,26,1992,1.7,64.7,74.1,87.3,1256.5,397.1,25.9,27.6,93.6,30.0,32.4,92.7,8.82,12.9,68.2,0.00,0.12,-0.12,1.76,4.12,2.94,0.59,7.06,Matches
325,Wes Morgan\Wes-Morgan,jm JAM,DF,Leicester City,34,1984,21.4,34.5,41.9,82.5,702.2,205.0,10.6,11.8,89.3,17.7,21.1,84.0,5.84,8.27,70.6,0.00,0.01,-0.01,0.09,1.59,0.00,0.00,1.50,Matches
326,Sean Morrison\Sean-Morrison,eng ENG,DF,Cardiff City,27,1991,33.8,15.5,26.9,57.8,337.5,159.9,5.15,7.63,67.4,7.07,10.3,68.9,3.20,8.20,39.0,0.09,0.07,0.01,0.50,1.04,0.24,0.03,1.57,Matches
327,Victor Moses\Victor-Moses,ng NGA,FW,Chelsea,27,1990,0.3,36.7,46.7,78.6,556.7,60.0,20.0,23.3,85.7,16.7,20.0,83.3,0.00,0.00,,0.00,0.00,0.00,0.00,0.00,3.33,0.00,3.33,Matches
328,Steve Mounié\Steve-Mounie,bj BEN,FW,Huddersfield,23,1994,19.8,18.3,28.1,65.2,263.9,45.6,11.2,15.7,71.1,6.06,9.55,63.5,0.76,1.26,60.0,0.15,0.08,0.07,0.86,1.26,0.15,0.00,1.36,Matches
329,Lucas Moura\Lucas-Moura,br BRA,FWMF,Tottenham,25,1992,23.6,23.8,31.6,75.3,366.5,91.6,13.1,15.7,83.6,8.69,11.4,75.9,1.53,2.92,52.2,0.00,0.08,-0.08,1.14,1.57,0.76,0.08,2.37,Matches
330,Lys Mousset\Lys-Mousset,fr FRA,FWMF,Bournemouth,22,1996,4.1,21.0,29.5,71.1,270.0,69.8,14.4,19.0,75.6,5.12,7.80,65.6,0.49,0.49,100.0,0.00,0.12,-0.12,0.98,2.20,1.46,0.00,2.44,Matches
331,João Moutinho\Joao-Moutinho,pt POR,MF,Wolves,31,1986,33.7,49.3,61.2,80.5,1042.9,290.4,16.6,18.4,90.3,22.4,25.9,86.5,9.79,16.0,61.3,0.24,0.17,0.07,2.37,5.79,1.34,0.42,5.49,Matches
332,Jacob Murphy\Jacob-Murphy,eng ENG,MFFW,Newcastle Utd,23,1995,3.4,11.5,20.9,54.9,246.8,94.4,3.53,5.88,60.0,5.59,8.53,65.5,2.35,6.18,38.1,0.29,0.12,0.18,0.29,0.59,0.88,0.59,1.47,Matches
333,Josh Murphy\Josh-Murphy,eng ENG,FWMF,Cardiff City,23,1995,20.2,10.3,19.0,54.4,185.6,72.5,5.59,7.28,76.9,3.12,5.84,53.4,1.49,4.31,34.5,0.10,0.15,-0.05,0.69,0.99,0.59,0.30,1.14,Matches
334,Glenn Murray\Glenn-Murray,eng ENG,FW,Brighton,34,1983,27.9,13.8,22.7,60.8,200.5,38.4,8.06,13.0,62.2,4.30,6.38,67.4,0.86,1.83,47.1,0.04,0.03,0.01,0.39,0.90,0.32,0.11,1.11,Matches
335,Shkodran Mustafi\Shkodran-Mustafi,de GER,DF,Arsenal,26,1992,29.0,49.6,60.2,82.3,1098.6,373.0,13.2,15.0,88.5,26.3,29.7,88.8,9.72,14.9,65.4,0.00,0.01,-0.01,0.17,3.86,0.34,0.00,3.41,Matches
336,Yoshinori Mutō\Yoshinori-Muto,jp JPN,FW,Newcastle Utd,26,1992,5.8,15.3,21.9,70.1,213.8,49.8,8.28,9.66,85.7,6.03,8.28,72.9,0.34,0.86,40.0,0.00,0.05,-0.05,0.52,1.72,0.17,0.00,1.21,Matches
337,Georges-Kévin N'Koudou\Georges-Kevin-NKoudou,fr FRA,FW,Tottenham,23,1995,0.1,30.0,40.0,75.0,790.0,350.0,0.00,0.00,,20.0,20.0,100.0,10.0,20.0,50.0,10.0,2.00,8.00,10.0,0.00,10.0,10.0,0.00,Matches
338,Samir Nasri\Samir-Nasri,fr FRA,MF,West Ham,31,1987,2.7,50.0,57.4,87.1,771.9,177.4,28.9,32.2,89.7,13.7,15.2,90.2,5.56,8.15,68.2,0.74,0.30,0.44,2.22,4.07,2.22,0.37,4.44,Matches
339,Marc Navarro\Marc-Navarro,es ESP,DF,Watford,23,1995,0.9,24.4,37.8,64.7,487.8,108.9,10.0,12.2,81.8,7.78,13.3,58.3,4.44,10.0,44.4,0.00,0.00,0.00,0.00,0.00,0.00,0.00,0.00,Matches
340,Wilfred Ndidi\Wilfred-Ndidi,ng NGA,MF,Leicester City,21,1996,36.6,44.6,55.6,80.3,818.8,197.1,19.9,23.6,84.6,18.4,21.9,83.9,5.79,8.31,69.7,0.00,0.04,-0.04,0.60,4.23,0.30,0.00,4.18,Matches
341,Rúben Neves\Ruben-Neves,pt POR,MF,Wolves,21,1997,33.4,47.0,58.3,80.6,1115.7,276.5,12.1,14.3,84.1,22.8,25.5,89.7,11.9,17.2,68.8,0.09,0.04,0.05,0.57,5.93,0.51,0.09,4.97,Matches
342,Oumar Niasse\Oumar-Niasse,sn SEN,FW,Cardiff City,28,1990,10.3,11.2,16.4,68.0,159.7,33.9,6.80,8.74,77.8,3.30,4.56,72.3,0.58,0.97,60.0,0.00,0.04,-0.04,0.49,0.39,0.49,0.10,1.26,Matches
343,Oumar Niasse\Oumar-Niasse,sn SEN,FWMF,Everton,28,1990,0.7,18.6,31.4,59.1,275.7,91.4,10.0,12.9,77.8,8.57,15.7,54.5,0.00,1.43,0.0,0.00,0.14,-0.14,1.43,1.43,2.86,1.43,2.86,Matches
344,Eddie Nketiah\Eddie-Nketiah,eng ENG,MFFW,Arsenal,19,1999,0.7,27.1,28.6,95.0,328.6,75.7,15.7,15.7,100.0,10.0,10.0,100.0,0.00,1.43,0.0,0.00,0.14,-0.14,1.43,1.43,1.43,0.00,2.86,Matches
345,Mark Noble\Mark-Noble,eng ENG,MF,West Ham,31,1987,25.5,50.7,60.1,84.3,1032.7,292.5,19.2,22.0,87.5,21.2,24.3,87.4,9.45,12.4,76.5,0.20,0.09,0.10,0.82,5.49,1.10,0.20,5.69,Matches
346,Håvard Nordtveit\Havard-Nordtveit,no NOR,DF,Fulham,28,1990,4.0,47.8,57.0,83.8,1162.3,440.3,11.3,11.8,95.7,23.3,26.5,87.7,12.8,18.0,70.8,0.25,0.05,0.20,0.75,3.25,0.00,0.00,1.50,Matches
347,Will Norris\Will-Norris,eng ENG,GK,Wolves,24,1993,0.0,0,0,,0,0,0,0,,0,0,,0,0,,0,0.0,0.0,0,0,0,0,0,Matches
348,Michael Obafemi\Michael-Obafemi,ie IRL,FW,Southampton,18,2000,1.5,11.3,15.3,73.9,150.0,17.3,6.67,8.67,76.9,4.67,6.00,77.8,0.00,0.00,,0.67,0.13,0.53,1.33,0.00,2.00,0.67,1.33,Matches
349,Pedro Obiang\Pedro-Obiang,gq EQG,MF,West Ham,26,1992,12.5,34.7,43.9,79.1,650.7,179.6,16.6,19.8,83.5,11.8,14.6,80.8,6.00,8.40,71.4,0.08,0.03,0.05,0.32,3.76,0.32,0.08,4.00,Matches
350,Denis Odoi\Denis-Odoi,be BEL,DF,Fulham,30,1988,28.8,40.5,49.2,82.2,789.6,286.2,15.2,16.8,90.3,19.5,21.8,89.5,5.42,9.65,56.1,0.03,0.02,0.01,0.38,3.68,0.31,0.07,2.78,Matches
351,Angelo Ogbonna\Angelo-Ogbonna,it ITA,DF,West Ham,30,1988,20.8,31.7,37.8,83.7,655.5,204.6,10.2,11.4,89.5,15.8,18.3,86.6,5.24,7.55,69.4,0.05,0.02,0.02,0.19,1.68,0.10,0.00,1.49,Matches
352,Stefano Okaka\Stefano-Okaka,it ITA,FW,Watford,28,1989,0.3,30.0,43.3,69.2,373.3,106.7,20.0,23.3,85.7,6.67,13.3,50.0,0.00,3.33,0.0,0.00,0.67,-0.67,6.67,3.33,3.33,3.33,0.00,Matches
353,Shinji Okazaki\Shinji-Okazaki,jp JPN,FWMF,Leicester City,32,1986,3.2,23.4,30.9,75.8,287.2,64.7,18.1,20.6,87.9,3.75,5.94,63.2,1.25,2.81,44.4,0.31,0.09,0.22,0.63,1.25,0.31,0.00,2.19,Matches
354,Divock Origi\Divock-Origi,be BEL,FW,Liverpool,23,1995,4.1,18.8,28.0,67.0,321.0,87.6,10.7,14.4,74.6,5.37,7.80,68.8,2.20,3.66,60.0,0.24,0.05,0.20,0.73,1.22,0.98,0.49,1.71,Matches
355,Nicolás Otamendi\Nicolas-Otamendi,ar ARG,DF,Manchester City,30,1988,13.7,84.4,90.7,93.0,1782.0,441.5,22.3,23.1,96.5,49.4,52.1,94.8,12.5,14.8,84.2,0.00,0.01,-0.01,0.15,5.84,0.15,0.00,3.87,Matches
356,Alex Oxlade-Chamberlain\Alex-Oxlade-Chamberlain,eng ENG,MFFW,Liverpool,24,1993,0.2,60.0,70.0,85.7,1065.0,525.0,25.0,30.0,83.3,35.0,35.0,100.0,0.00,0.00,,0.00,0.00,0.00,5.00,15.0,0.00,0.00,30.0,Matches
357,Mesut Özil\Mesut-Ozil,de GER,MFFW,Arsenal,29,1988,19.3,53.3,61.1,87.2,860.4,226.3,27.8,30.7,90.6,19.7,21.8,90.5,4.46,6.68,66.7,0.10,0.29,-0.19,2.38,5.23,2.64,0.57,6.27,Matches
358,Emerson Palmieri\Emerson-Palmieri,it ITA,DF,Chelsea,23,1994,7.4,60.9,70.0,87.1,860.0,233.8,38.1,41.1,92.8,19.5,21.2,91.7,2.43,4.86,50.0,0.00,0.08,-0.08,0.54,2.97,1.89,0.41,4.05,Matches
359,Sokratis Papastathopoulos\Sokratis-Papastathopoulos,gr GRE,DF,Arsenal,30,1988,24.4,49.8,55.5,89.8,1091.6,320.7,14.1,15.0,94.3,25.8,27.4,94.3,9.71,12.7,76.2,0.08,0.02,0.06,0.16,1.35,0.16,0.00,1.60,Matches
360,Callum Paterson\Callum-Paterson,sco SCO,FWMF,Cardiff City,23,1994,22.2,12.7,26.3,48.1,203.1,92.7,7.25,13.2,55.1,4.10,8.83,46.4,1.08,2.66,40.7,0.05,0.09,-0.05,0.86,1.98,0.81,0.09,3.02,Matches
361,Rui Patrício\Rui-Patricio,pt POR,GK,Wolves,30,1988,37.0,13.3,22.6,59.0,535.3,364.8,1.03,1.03,100.0,3.86,3.97,97.3,8.43,17.6,48.0,0.00,0.00,0.00,0.00,0.14,0.00,0.00,0.00,Matches
362,Pedro\Pedro,es ESP,FW,Chelsea,31,1987,19.8,48.0,57.3,83.7,758.0,153.9,27.9,30.8,90.8,15.6,18.8,82.8,3.84,6.21,61.8,0.10,0.15,-0.05,1.36,2.53,1.52,0.40,3.28,Matches
363,Lee Peltier\Lee-Peltier,eng ENG,DF,Cardiff City,31,1986,17.2,16.2,25.7,63.1,315.3,145.3,5.99,8.26,72.5,7.38,10.5,70.2,2.44,5.93,41.2,0.00,0.00,0.00,0.12,1.22,0.12,0.06,1.16,Matches
364,Andreas Pereira\Andreas-Pereira,br BRA,MF,Manchester Utd,22,1996,6.7,44.3,53.7,82.5,797.8,247.5,19.4,22.1,87.8,18.2,21.0,86.5,5.22,8.06,64.8,0.15,0.12,0.03,1.34,5.52,1.19,0.45,4.78,Matches
365,Ricardo Pereira\Ricardo-Pereira,pt POR,DFFW,Leicester City,24,1993,34.7,43.1,56.4,76.4,722.2,278.7,20.8,24.8,83.7,18.3,23.6,77.5,3.40,5.97,57.0,0.17,0.12,0.05,0.89,3.14,0.89,0.17,4.44,Matches
366,Roberto Pereyra\Roberto-Pereyra,ar ARG,FWMF,Watford,27,1991,31.3,30.9,37.9,81.5,516.9,142.4,16.5,18.9,87.3,10.6,12.4,85.6,3.04,4.54,66.9,0.03,0.11,-0.08,1.21,2.27,1.18,0.16,3.48,Matches
367,Ayoze Pérez\Ayoze-Perez,es ESP,FWMF,Newcastle Utd,25,1993,32.4,18.8,25.1,75.0,284.8,73.2,10.8,12.8,84.8,5.90,7.87,74.9,1.42,2.47,57.5,0.06,0.11,-0.05,1.17,1.42,0.77,0.12,1.98,Matches
368,Lucas Pérez\Lucas-Perez,es ESP,FW,West Ham,29,1988,5.3,19.2,27.9,68.9,269.8,39.4,11.7,14.5,80.5,6.23,8.68,71.7,0.75,2.45,30.8,0.00,0.15,-0.15,1.51,0.75,0.75,0.00,0.94,Matches
369,Jordan Pickford\Jordan-Pickford,eng ENG,GK,Everton,24,1994,38.0,19.7,32.9,59.8,755.7,504.2,1.84,1.89,97.2,8.11,8.34,97.2,9.71,22.6,42.9,0.00,0.00,0.00,0.03,0.95,0.00,0.00,0.00,Matches
370,Paul Pogba\Paul-Pogba,fr FRA,MF,Manchester Utd,25,1993,33.4,51.7,63.3,81.7,1008.4,291.6,23.3,26.4,88.1,19.2,23.0,83.5,8.59,12.2,70.7,0.27,0.16,0.11,1.53,6.74,1.92,0.24,7.81,Matches
371,Alex Pritchard\Alex-Pritchard,eng ENG,MFFW,Huddersfield,25,1993,23.1,30.0,42.3,71.0,471.9,124.6,16.9,20.5,82.5,9.74,13.1,74.3,2.47,5.89,41.9,0.00,0.09,-0.09,1.47,2.60,1.21,0.30,2.90,Matches
372,Sebastian Prödl\Sebastian-Prodl,at AUT,DF,Watford,31,1987,0.1,30.0,30.0,100.0,640.0,120.0,10.0,10.0,100.0,20.0,20.0,100.0,0.00,0.00,,0.00,0.00,0.00,0.00,0.00,0.00,0.00,0.00,Matches
373,Davy Pröpper\Davy-Propper,nl NED,MF,Brighton,26,1991,28.3,34.6,44.2,78.3,687.1,176.8,13.3,15.8,83.7,15.1,18.4,82.3,5.62,8.41,66.8,0.04,0.04,0.00,0.67,4.31,0.74,0.11,4.38,Matches
374,Jason Puncheon\Jason-Puncheon,eng ENG,MFFW,Huddersfield,32,1986,4.2,40.0,51.0,78.5,740.0,247.6,19.3,21.9,88.0,13.6,16.7,81.4,6.19,10.0,61.9,0.00,0.19,-0.19,1.19,3.33,1.19,0.00,5.00,Matches
375,Jason Puncheon\Jason-Puncheon,eng ENG,MF,Crystal Palace,32,1986,0.1,100.0,110.0,90.9,1170.0,320.0,70.0,70.0,100.0,30.0,40.0,75.0,0.00,0.00,,0.00,0.00,0.00,10.0,10.0,0.00,0.00,0.00,Matches
376,Collin Quaner\Collin-Quaner,de GER,FWMF,Huddersfield,27,1991,0.4,32.5,42.5,76.5,420.0,112.5,20.0,25.0,80.0,10.0,12.5,80.0,0.00,0.00,,0.00,0.25,-0.25,2.50,5.00,7.50,0.00,7.50,Matches
377,Domingos Quina\Domingos-Quina,pt POR,MF,Watford,18,1999,3.8,52.1,61.1,85.3,981.8,250.0,22.9,25.5,89.7,22.6,25.5,88.7,6.05,8.42,71.9,0.00,0.03,-0.03,0.26,6.58,0.79,0.26,4.74,Matches
378,Joe Ralls\Joe-Ralls,eng ENG,MF,Cardiff City,24,1993,21.8,26.1,39.6,65.8,571.1,218.3,8.72,10.6,81.9,11.3,14.8,76.2,5.64,12.8,44.1,0.00,0.09,-0.09,1.28,4.91,0.73,0.23,4.45,Matches
379,Aaron Ramsey\Aaron-Ramsey,wal WAL,MFFW,Arsenal,27,1990,14.8,43.7,53.4,81.9,745.6,174.1,21.9,25.5,85.7,16.4,18.9,86.7,4.73,6.42,73.7,0.41,0.16,0.24,1.62,3.58,1.42,0.34,4.12,Matches
380,Kayne Ramsey\Kayne-Ramsey,eng ENG,DF,Southampton,17,2000,1.0,14.0,18.0,77.8,263.0,56.0,5.00,6.00,83.3,8.00,8.00,100.0,1.00,4.00,25.0,0.00,0.00,0.00,0.00,0.00,0.00,0.00,0.00,Matches
381,Marcus Rashford\Marcus-Rashford,eng ENG,FW,Manchester Utd,20,1997,25.9,20.8,28.1,73.9,315.0,77.5,12.9,15.1,85.5,5.91,7.88,75.0,1.62,3.55,45.7,0.23,0.17,0.06,1.47,1.24,0.93,0.12,2.28,Matches
382,Tim Ream\Tim-Ream,us USA,DF,Fulham,30,1987,22.7,40.1,45.6,87.8,789.6,285.4,12.5,13.1,95.3,23.1,25.2,91.9,4.36,6.74,64.7,0.00,0.00,0.00,0.09,2.11,0.09,0.00,2.95,Matches
383,Nathan Redmond\Nathan-Redmond,eng ENG,FWMF,Southampton,24,1994,36.3,24.2,33.5,72.2,410.2,103.4,12.5,15.3,81.3,8.07,10.5,76.7,3.00,5.48,54.8,0.11,0.15,-0.04,1.52,1.71,1.68,0.61,2.40,Matches
384,Bobby Reid\Bobby-Reid,jm JAM,FWMF,Cardiff City,25,1993,15.8,15.0,20.9,71.8,218.2,52.8,9.11,11.0,82.8,4.37,6.01,72.6,0.89,2.15,41.2,0.13,0.06,0.06,0.89,0.95,0.38,0.06,1.20,Matches
385,Declan Rice\Declan-Rice,eng ENG,MF,West Ham,19,1999,33.4,40.8,47.0,86.9,796.4,177.5,15.7,17.6,89.3,18.1,20.1,89.9,6.56,8.23,79.6,0.00,0.01,-0.01,0.27,3.80,0.15,0.00,2.46,Matches
386,Jazz Richards\Jazz-Richards,wal WAL,DFMF,Cardiff City,27,1991,1.5,16.7,23.3,71.4,262.7,116.0,8.67,11.3,76.5,7.33,8.67,84.6,0.67,3.33,20.0,0.00,0.00,0.00,0.00,1.33,0.00,0.00,1.33,Matches
387,Richarlison\Richarlison,br BRA,FWMF,Everton,21,1997,29.6,18.4,28.3,65.2,295.4,67.1,10.0,14.0,71.9,6.01,8.55,70.4,1.86,3.24,57.3,0.03,0.05,-0.01,0.57,1.32,0.84,0.10,2.43,Matches
388,Diego Rico\Diego-Rico,es ESP,DFMF,Bournemouth,25,1993,6.8,38.1,56.2,67.8,693.5,346.5,17.4,22.5,77.1,16.2,21.0,76.9,4.12,10.7,38.4,0.00,0.16,-0.16,1.62,3.24,1.03,0.74,5.44,Matches
389,Sergio Rico\Sergio-Rico,es ESP,GK,Fulham,24,1993,29.0,17.9,30.7,58.2,746.0,608.6,1.79,1.83,98.1,5.93,5.97,99.4,10.1,22.9,44.3,0.00,0.01,-0.01,0.07,0.41,0.03,0.00,0.00,Matches
390,Matt Ritchie\Matt-Ritchie,sco SCO,DFMF,Newcastle Utd,28,1989,32.5,31.9,48.6,65.6,624.6,255.0,13.8,16.4,84.3,12.7,17.1,74.2,4.92,12.5,39.5,0.25,0.14,0.10,1.63,1.94,1.42,0.86,2.83,Matches
391,Andrew Robertson\Andrew-Robertson,sco SCO,DF,Liverpool,24,1994,35.7,63.9,78.3,81.6,1162.0,429.5,28.2,31.2,90.3,29.1,33.9,85.9,6.41,11.8,54.5,0.31,0.19,0.12,1.46,4.45,2.02,0.50,6.95,Matches
392,Marcos Rojo\Marcos-Rojo,ar ARG,DF,Manchester Utd,28,1990,2.4,41.3,57.1,72.3,778.8,345.8,20.0,22.1,90.6,15.8,20.0,79.2,5.42,13.3,40.6,0.00,0.00,0.00,0.00,4.58,0.42,0.00,3.33,Matches
393,Oriol Romeu\Oriol-Romeu,es ESP,MF,Southampton,26,1991,23.7,37.9,47.1,80.5,700.2,216.0,15.4,17.8,86.7,17.6,20.7,84.9,4.26,7.05,60.5,0.00,0.02,-0.02,0.30,5.11,0.42,0.08,5.32,Matches
394,Salomón Rondón\Salomon-Rondon,ve VEN,FW,Newcastle Utd,28,1989,28.9,18.6,26.7,69.7,264.3,53.7,11.7,15.3,76.2,5.29,7.92,66.8,0.93,1.66,56.3,0.24,0.11,0.13,1.04,1.45,0.76,0.10,1.80,Matches
395,Danny Rose\Danny-Rose,eng ENG,DFMF,Tottenham,28,1990,20.0,43.5,58.6,74.1,760.1,276.8,20.6,23.9,85.8,18.1,22.8,79.2,4.35,9.55,45.5,0.15,0.11,0.04,1.30,2.90,1.70,0.80,4.55,Matches
396,Aaron Rowe\Aaron-Rowe,eng ENG,FW,Huddersfield,17,2000,0.8,16.3,21.3,76.5,238.8,112.5,7.50,8.75,85.7,5.00,6.25,80.0,2.50,5.00,50.0,0.00,0.00,0.00,0.00,0.00,0.00,0.00,1.25,Matches
397,John Ruddy\John-Ruddy,eng ENG,GK,Wolves,31,1986,1.0,15.0,21.0,71.4,593.0,437.0,1.00,1.00,100.0,4.00,4.00,100.0,10.0,16.0,62.5,0.00,0.00,0.00,0.00,0.00,0.00,0.00,0.00,Matches
398,Antonio Rüdiger\Antonio-Rudiger,de GER,DF,Chelsea,25,1993,31.9,72.4,79.2,91.4,1518.8,493.1,21.8,22.9,94.9,37.1,39.3,94.4,12.5,15.8,79.5,0.00,0.02,-0.02,0.16,5.55,0.31,0.00,4.61,Matches
399,Mathew Ryan\Mathew-Ryan,au AUS,GK,Brighton,26,1992,34.0,16.2,29.9,54.2,747.7,573.8,0.68,0.71,95.8,4.26,4.41,96.7,11.2,24.7,45.4,0.00,0.00,0.00,0.00,1.12,0.00,0.00,0.00,Matches
400,Abdelhamid Sabiri\Abdelhamid-Sabiri,de GER,FW,Huddersfield,21,1996,0.5,16.0,20.0,80.0,218.0,26.0,12.0,14.0,85.7,2.00,4.00,50.0,2.00,2.00,100.0,0.00,0.00,0.00,0.00,0.00,0.00,0.00,0.00,Matches
401,Romain Saïss\Romain-Saiss,ma MAR,MFDF,Wolves,28,1990,12.8,43.2,55.2,78.3,953.5,301.1,13.8,15.6,88.5,19.9,23.9,83.3,9.30,14.1,65.7,0.00,0.02,-0.02,0.23,4.69,0.39,0.16,4.45,Matches
402,Bukayo Saka\Bukayo-Saka,eng ENG,FW,Arsenal,16,2001,0.1,0.00,0.00,,0.00,0.00,0.00,0.00,,0.00,0.00,,0.00,0.00,,0.00,0.00,0.00,0.00,0.00,0.00,0.00,0.00,Matches
403,Mamadou Sakho\Mamadou-Sakho,fr FRA,DF,Crystal Palace,28,1990,26.8,42.4,47.9,88.3,840.1,380.0,14.6,15.9,92.2,21.3,23.2,91.6,6.31,8.54,73.8,0.00,0.02,-0.02,0.26,3.02,0.11,0.00,3.54,Matches
404,Bakary Sako\Bakary-Sako,ml MLI,FWMF,Crystal Palace,30,1988,0.3,30.0,43.3,69.2,583.3,33.3,20.0,23.3,85.7,6.67,6.67,100.0,3.33,13.3,25.0,0.00,0.00,0.00,0.00,3.33,0.00,0.00,0.00,Matches
405,Mohamed Salah\Mohamed-Salah,eg EGY,FW,Liverpool,26,1992,36.1,23.9,31.9,75.1,356.6,106.1,14.5,17.6,82.3,7.40,9.61,76.9,1.55,3.07,50.5,0.22,0.25,-0.03,1.88,1.61,2.05,0.19,3.93,Matches
406,Alexis Sánchez\Alexis-Sanchez,cl CHI,FWMF,Manchester Utd,29,1988,9.8,29.8,41.7,71.4,512.6,157.6,16.9,21.0,80.6,8.27,12.1,68.1,4.08,6.94,58.8,0.31,0.32,-0.01,2.04,2.55,2.65,0.51,4.49,Matches
407,Carlos Sánchez\Carlos-Sanchez,co COL,MF,West Ham,32,1986,2.7,45.9,51.9,88.6,975.2,204.4,15.9,17.8,89.6,19.6,21.1,93.0,9.63,12.2,78.8,0.00,0.04,-0.04,0.74,5.19,0.37,0.00,3.33,Matches
408,Davinson Sánchez\Davinson-Sanchez,co COL,DF,Tottenham,22,1996,21.6,59.7,65.9,90.5,1286.6,342.2,15.7,16.9,92.9,32.6,34.4,94.9,11.0,13.8,79.9,0.05,0.00,0.05,0.05,1.94,0.00,0.00,2.41,Matches
409,Leroy Sané\Leroy-Sane,de GER,FW,Manchester City,22,1996,20.7,36.2,46.1,78.6,526.4,115.7,22.1,25.8,85.8,11.7,14.1,83.2,1.55,3.77,41.0,0.48,0.32,0.16,1.74,1.26,1.88,0.10,3.53,Matches
410,Fabian Schär\Fabian-Schar,ch SUI,DF,Newcastle Utd,26,1991,22.2,31.5,46.4,67.9,814.0,367.1,7.79,9.50,82.0,14.5,17.6,82.1,9.14,18.3,49.9,0.05,0.03,0.02,0.50,3.87,0.41,0.05,3.06,Matches
411,Christopher Schindler\Christopher-Schindler,de GER,DF,Huddersfield,28,1990,36.2,35.1,41.5,84.7,781.7,234.1,9.25,10.5,88.2,18.6,21.0,88.4,7.07,9.42,75.1,0.00,0.01,-0.01,0.03,2.04,0.06,0.00,1.82,Matches
412,Jeffrey Schlupp\Jeffrey-Schlupp,gh GHA,MFFW,Crystal Palace,25,1992,18.6,26.0,34.7,74.9,397.1,122.2,14.2,17.2,83.1,9.57,12.5,76.4,1.51,3.33,45.2,0.05,0.08,-0.03,0.91,2.63,0.65,0.16,2.90,Matches
413,Kasper Schmeichel\Kasper-Schmeichel,dk DEN,GK,Leicester City,31,1986,38.0,21.7,31.8,68.3,815.0,517.5,1.37,1.39,98.1,8.39,8.53,98.5,11.9,21.8,54.6,0.00,0.01,-0.01,0.03,0.26,0.00,0.00,0.05,Matches
414,Morgan Schneiderlin\Morgan-Schneiderlin,fr FRA,MF,Everton,28,1989,9.3,52.0,58.5,89.0,949.2,225.1,25.4,27.2,93.3,19.1,21.4,89.4,7.20,9.25,77.9,0.11,0.06,0.04,0.97,5.16,0.43,0.00,2.90,Matches
415,André Schürrle\Andre-Schurrle,de GER,FWMF,Fulham,27,1990,18.2,23.4,31.4,74.6,377.0,91.3,13.6,16.1,84.6,7.64,9.78,78.1,1.92,4.01,47.9,0.00,0.09,-0.09,1.15,1.81,1.43,0.49,2.31,Matches
416,Ken Sema\Ken-Sema,se SWE,FWMF,Watford,24,1993,8.4,22.1,31.1,71.3,324.9,69.4,12.0,14.6,82.1,9.52,12.1,78.4,0.24,1.90,12.5,0.24,0.05,0.19,0.83,1.31,0.60,0.00,2.26,Matches
417,Jean Seri\Jean-Seri,ci CIV,MF,Fulham,27,1991,24.9,57.6,68.8,83.7,1110.2,286.3,23.9,26.7,89.8,24.0,26.9,89.0,8.88,13.6,65.4,0.08,0.15,-0.07,2.21,4.98,0.96,0.20,5.18,Matches
418,Ryan Sessegnon\Ryan-Sessegnon,eng ENG,FWDF,Fulham,18,2000,25.6,22.7,32.4,70.2,376.3,144.1,12.3,14.8,83.6,8.44,11.7,72.0,1.84,4.73,38.8,0.23,0.19,0.05,1.17,1.33,0.63,0.16,2.30,Matches
419,Xherdan Shaqiri\Xherdan-Shaqiri,ch SUI,FWMF,Liverpool,26,1991,11.8,46.2,58.9,78.4,846.5,226.0,22.5,25.9,86.9,17.2,20.4,84.2,6.02,11.0,54.6,0.25,0.16,0.09,1.61,4.15,3.05,0.59,5.76,Matches
420,Luke Shaw\Luke-Shaw,eng ENG,DF,Manchester Utd,23,1995,28.8,57.5,68.9,83.5,895.9,386.5,31.8,34.9,91.1,21.4,25.3,84.8,3.44,6.25,55.0,0.14,0.12,0.02,1.15,4.24,1.25,0.31,6.46,Matches
421,Jonjo Shelvey\Jonjo-Shelvey,eng ENG,MF,Newcastle Utd,26,1992,10.5,43.6,64.6,67.6,1065.0,420.4,11.5,14.8,78.1,19.8,24.3,81.6,11.9,24.6,48.4,0.10,0.13,-0.04,2.29,7.52,1.90,0.57,6.19,Matches
422,Gylfi Sigurðsson\Gylfi-Sigurdsson,is ISL,MF,Everton,28,1989,34.6,24.0,35.6,67.4,426.8,161.8,11.3,13.8,81.6,8.93,11.7,76.3,3.24,7.92,40.9,0.17,0.20,-0.03,2.08,2.86,1.39,0.23,3.84,Matches
423,Adrien Silva\Adrien-Silva,pt POR,MF,Leicester City,29,1989,1.0,70.0,79.0,88.6,1225.0,319.0,36.0,39.0,92.3,25.0,27.0,92.6,9.00,11.0,81.8,0.00,0.00,0.00,0.00,9.00,1.00,0.00,6.00,Matches
424,Bernardo Silva\Bernardo-Silva,pt POR,MFFW,Manchester City,23,1994,31.7,47.7,56.7,84.1,809.1,182.2,23.3,25.7,90.8,19.2,22.1,87.0,4.35,6.72,64.8,0.22,0.23,-0.01,2.21,3.03,1.80,0.16,4.83,Matches
425,David Silva\David-Silva,es ESP,MF,Manchester City,32,1986,26.7,66.8,78.0,85.6,1087.4,238.7,34.5,38.6,89.3,26.9,30.5,88.2,4.79,7.08,67.7,0.30,0.34,-0.04,2.73,5.09,3.15,0.19,6.97,Matches
426,Xande Silva\Xande-Silva,pt POR,FW,West Ham,21,1997,0.2,15.0,25.0,60.0,175.0,10.0,15.0,20.0,75.0,0.00,0.00,,0.00,5.00,0.0,0.00,0.00,0.00,5.00,0.00,0.00,0.00,0.00,Matches
427,Danny Simpson\Danny-Simpson,eng ENG,DF,Leicester City,31,1987,3.2,33.8,48.1,70.1,648.4,285.3,11.3,15.9,70.6,16.9,22.2,76.1,4.38,8.13,53.8,0.00,0.00,0.00,0.31,1.56,0.00,0.00,2.19,Matches
428,Jack Simpson\Jack-Simpson,eng ENG,DF,Bournemouth,21,1996,4.5,42.4,50.0,84.9,927.3,331.1,11.1,12.7,87.7,23.1,25.8,89.7,7.78,10.7,72.9,0.00,0.02,-0.02,0.22,2.67,0.22,0.00,2.22,Matches
429,Josh Sims\Josh-Sims,eng ENG,FWMF,Southampton,21,1997,2.4,15.0,19.2,78.3,221.7,63.8,7.50,9.58,78.3,5.83,6.67,87.5,0.83,1.67,50.0,0.42,0.21,0.21,0.83,0.42,0.83,0.83,0.42,Matches
430,Moussa Sissoko\Moussa-Sissoko,fr FRA,MF,Tottenham,28,1989,25.9,46.5,53.9,86.3,787.3,189.5,21.7,24.1,89.9,19.1,21.4,89.5,4.48,6.22,72.0,0.12,0.09,0.02,0.89,4.09,0.50,0.12,3.67,Matches
431,Oliver Skipp\Oliver-Skipp,eng ENG,MFFW,Tottenham,17,2000,2.4,48.3,57.1,84.7,855.8,187.9,20.4,24.2,84.5,22.9,24.6,93.2,4.17,5.42,76.9,0.00,0.00,0.00,0.42,2.92,0.00,0.00,2.08,Matches
432,Callum Slattery\Callum-Slattery,eng ENG,MF,Southampton,19,1999,1.2,17.5,26.7,65.6,302.5,76.7,8.33,10.0,83.3,6.67,9.17,72.7,1.67,5.00,33.3,0.00,0.00,0.00,0.00,2.50,0.83,0.00,2.50,Matches
433,Chris Smalling\Chris-Smalling,eng ENG,DF,Manchester Utd,28,1989,23.6,33.9,39.2,86.6,719.0,178.5,9.15,10.4,88.2,18.6,20.3,91.7,5.68,7.71,73.6,0.00,0.02,-0.02,0.13,0.89,0.04,0.00,1.53,Matches
434,Adam Smith\Adam-Smith,eng ENG,DF,Bournemouth,27,1991,23.0,37.4,46.6,80.2,626.8,237.0,18.8,21.7,86.6,15.3,18.2,84.0,3.00,5.39,55.6,0.04,0.03,0.01,0.43,3.17,0.70,0.13,3.65,Matches
435,Tommy Smith\Tommy-Smith,eng ENG,DF,Huddersfield,26,1992,12.7,37.0,48.7,76.1,688.0,237.1,16.3,19.0,85.9,14.5,18.5,78.3,5.91,10.0,59.1,0.00,0.04,-0.04,0.71,2.52,0.55,0.31,2.60,Matches
436,Robert Snodgrass\Robert-Snodgrass,sco SCO,MFFW,West Ham,30,1987,24.7,35.4,46.8,75.7,597.0,181.1,16.5,19.1,86.6,12.5,16.1,77.4,4.09,8.10,50.5,0.20,0.20,0.00,2.47,3.28,1.26,0.24,3.28,Matches
437,Cédric Soares\Cedric-Soares,pt POR,DF,Southampton,26,1991,16.6,34.8,49.5,70.2,603.7,254.8,18.3,21.6,84.9,12.3,16.1,76.8,3.80,10.1,37.7,0.12,0.07,0.05,0.78,3.01,1.20,0.60,3.31,Matches
438,Ramadan Sobhi\Ramadan-Sobhi,eg EGY,FW,Huddersfield,21,1997,0.9,41.1,48.9,84.1,506.7,183.3,26.7,28.9,92.3,11.1,16.7,66.7,0.00,0.00,,0.00,0.33,-0.33,4.44,0.00,3.33,1.11,4.44,Matches
439,Dominic Solanke\Dominic-Solanke,eng ENG,FW,Bournemouth,20,1997,3.9,18.7,25.9,72.3,229.2,47.4,11.8,14.1,83.6,5.38,6.92,77.8,0.26,1.54,16.7,0.26,0.15,0.10,2.05,0.77,0.51,0.00,1.54,Matches
440,Pape Souaré\Pape-Souare,sn SEN,DF,Crystal Palace,28,1990,0.0,3,3,100.0,88,0,0,0,,2,2,100.0,1,1,100.0,0,0.0,0.0,0,0,0,0,0,Matches
441,Çağlar Söyüncü\Caglar-Soyuncu,tr TUR,DF,Leicester City,22,1996,4.1,44.6,52.4,85.1,848.0,296.3,14.9,16.1,92.4,23.2,24.9,93.1,5.61,10.0,56.1,0.00,0.00,0.00,0.00,2.68,0.49,0.24,3.41,Matches
442,Julián Speroni\Julian-Speroni,ar ARG,GK,Crystal Palace,39,1979,1.0,16.0,36.0,44.4,809.0,687.0,0.00,0.00,,1.00,1.00,100.0,15.0,35.0,42.9,0.00,0.00,0.00,0.00,2.00,0.00,0.00,0.00,Matches
443,Junior Stanislas\Junior-Stanislas,eng ENG,MFFW,Bournemouth,28,1989,11.5,35.6,46.7,76.2,574.5,199.0,19.0,22.4,84.5,12.6,15.9,79.2,3.22,5.57,57.8,0.26,0.18,0.08,1.30,2.61,2.52,0.43,4.70,Matches
444,Dale Stephens\Dale-Stephens,eng ENG,MF,Brighton,29,1989,27.6,41.5,49.6,83.6,906.7,236.7,12.8,15.0,85.3,20.2,22.3,90.6,8.08,11.1,72.9,0.04,0.03,0.01,0.76,5.07,0.40,0.00,4.42,Matches
445,Jack Stephens\Jack-Stephens,eng ENG,DF,Southampton,24,1994,18.9,31.7,42.0,75.5,661.4,266.8,10.9,12.4,87.7,14.7,18.0,81.5,5.77,10.8,53.4,0.00,0.01,-0.01,0.21,2.70,0.21,0.00,2.59,Matches
446,Raheem Sterling\Raheem-Sterling,eng ENG,FW,Manchester City,23,1994,30.8,35.7,43.4,82.2,498.8,104.0,22.5,24.8,90.8,11.6,14.1,82.0,1.04,2.53,41.0,0.29,0.30,-0.01,1.88,0.71,1.69,0.16,2.82,Matches
447,John Stones\John-Stones,eng ENG,DF,Manchester City,24,1994,19.6,84.0,88.8,94.5,1729.3,488.1,26.6,27.9,95.4,43.5,45.2,96.3,13.5,15.3,88.3,0.00,0.01,-0.01,0.26,5.66,0.26,0.00,4.34,Matches
448,Daniel Sturridge\Daniel-Sturridge,eng ENG,FWMF,Liverpool,28,1989,5.7,26.0,33.0,78.7,446.3,130.9,13.2,15.6,84.3,9.30,11.6,80.3,2.81,3.86,72.7,0.18,0.21,-0.04,1.40,2.28,1.93,0.00,5.44,Matches
449,Denis Suárez\Denis-Suarez,es ESP,FW,Arsenal,24,1994,0.8,40.0,43.8,91.4,555.0,86.3,25.0,25.0,100.0,10.0,12.5,80.0,2.50,2.50,100.0,0.00,0.00,0.00,0.00,2.50,1.25,0.00,1.25,Matches
450,Isaac Success\Isaac-Success,ng NGA,FWMF,Watford,22,1996,11.7,22.4,31.5,71.0,353.6,75.6,12.0,15.7,76.1,7.61,9.83,77.4,1.97,3.42,57.5,0.09,0.18,-0.09,1.62,1.20,1.88,0.34,2.65,Matches
451,Ki Sung-yueng\Ki-Sung-yueng,kr KOR,MF,Newcastle Utd,29,1989,14.5,35.9,44.4,80.7,774.5,210.0,12.3,13.8,89.5,15.4,17.4,88.1,7.72,12.3,62.9,0.07,0.06,0.01,1.03,3.59,0.55,0.00,3.86,Matches
452,Andrew Surman\Andrew-Surman,eng ENG,MF,Bournemouth,31,1986,16.0,45.3,52.4,86.4,870.6,247.6,17.8,20.0,89.1,20.3,22.2,91.5,6.56,9.13,71.9,0.00,0.04,-0.04,0.56,4.13,1.13,0.06,5.00,Matches
453,Sam Surridge\Sam-Surridge,eng ENG,FWDF,Bournemouth,20,1998,0.1,30.0,50.0,60.0,340.0,0.00,20.0,40.0,50.0,10.0,10.0,100.0,0.00,0.00,,0.00,1.00,-1.00,10.0,0.00,0.00,0.00,0.00,Matches
454,Alexander Sørloth\Alexander-Sorloth,no NOR,FWMF,Crystal Palace,22,1995,2.1,19.5,29.5,66.1,273.8,60.0,10.0,14.8,67.7,7.14,10.5,68.2,0.95,1.90,50.0,0.00,0.29,-0.29,1.43,0.95,0.48,0.00,2.38,Matches
455,Matt Targett\Matt-Targett,eng ENG,DFMF,Southampton,22,1995,13.2,34.5,52.1,66.3,620.6,304.8,16.7,20.4,81.8,12.8,19.0,67.3,4.55,10.6,42.9,0.23,0.19,0.04,1.67,2.58,1.06,0.61,4.24,Matches
456,James Tarkowski\James-Tarkowski,eng ENG,DF,Burnley,25,1992,34.3,23.0,32.6,70.7,570.3,223.3,5.48,7.03,78.0,11.2,13.8,81.6,6.21,11.3,54.8,0.03,0.01,0.02,0.17,2.65,0.38,0.00,2.86,Matches
457,Charlie Taylor\Charlie-Taylor,eng ENG,DF,Burnley,24,1993,36.0,34.0,47.4,71.7,620.2,266.3,16.6,18.8,87.9,12.9,17.3,74.5,4.33,9.61,45.1,0.03,0.03,-0.00,0.33,1.83,0.61,0.36,2.44,Matches
458,Youri Tielemans\Youri-Tielemans,be BEL,MF,Leicester City,21,1997,12.1,44.8,53.3,84.0,849.8,193.6,18.2,20.7,88.0,19.4,21.6,90.0,6.28,8.43,74.5,0.33,0.21,0.12,1.57,5.37,1.07,0.25,5.21,Matches
459,James Tomkins\James-Tomkins,eng ENG,DF,Crystal Palace,29,1989,28.4,32.2,38.3,84.0,764.5,241.8,7.32,8.03,91.2,16.4,17.9,91.9,8.13,11.9,68.5,0.04,0.03,0.00,0.21,2.18,0.04,0.00,1.37,Matches
460,Lucas Torreira\Lucas-Torreira,uy URU,MF,Arsenal,22,1996,26.5,53.6,61.2,87.5,996.8,239.9,20.2,22.3,90.7,26.3,28.8,91.1,6.19,8.45,73.2,0.08,0.05,0.03,0.60,3.92,0.68,0.04,4.64,Matches
461,Cenk Tosun\Cenk-Tosun,tr TUR,FW,Everton,27,1991,11.8,16.1,21.6,74.5,229.8,43.3,9.75,12.6,77.2,4.41,5.68,77.6,1.19,1.61,73.7,0.25,0.04,0.21,0.93,0.76,0.76,0.08,1.44,Matches
462,Andros Townsend\Andros-Townsend,eng ENG,FWMF,Crystal Palace,27,1991,33.4,26.8,37.0,72.4,438.1,116.9,14.1,16.6,85.2,9.73,12.5,77.9,2.28,5.69,40.0,0.12,0.16,-0.04,1.92,1.68,1.32,0.63,2.99,Matches
463,Adama Traoré\Adama-Traore,es ESP,FWDF,Wolves,22,1996,10.0,24.0,33.4,71.9,401.2,122.8,12.3,16.2,75.9,8.40,10.9,77.1,2.40,3.70,64.9,0.10,0.18,-0.08,1.70,1.70,2.00,1.30,2.90,Matches
464,Mark Travers\Mark-Travers,ie IRL,GK,Bournemouth,19,1999,2.0,21.5,28.5,75.4,635.5,349.0,4.50,5.00,90.0,8.50,8.50,100.0,8.50,15.0,56.7,0.00,0.00,0.00,0.00,0.00,0.00,0.00,0.50,Matches
465,Kieran Trippier\Kieran-Trippier,eng ENG,DF,Tottenham,27,1990,25.3,59.9,79.1,75.8,1171.0,466.2,24.1,27.2,88.5,26.0,31.5,82.6,9.41,18.5,50.9,0.12,0.17,-0.05,1.90,3.72,2.57,1.19,6.84,Matches
466,Antonio Valencia\Antonio-Valencia,ec ECU,DFMF,Manchester Utd,32,1985,5.2,52.9,61.7,85.7,891.3,360.0,28.3,29.8,94.8,19.0,21.0,90.8,5.00,9.04,55.3,0.00,0.12,-0.12,1.35,4.42,1.35,0.77,4.62,Matches
467,Yan Valery\Yan-Valery,fr FRA,DFMF,Southampton,19,1999,19.0,20.0,32.7,61.2,345.5,151.6,9.84,12.1,81.3,8.00,12.7,63.1,1.89,6.32,30.0,0.05,0.01,0.04,0.26,1.63,0.37,0.16,2.05,Matches
468,Jamie Vardy\Jamie-Vardy,eng ENG,FW,Leicester City,31,1987,30.3,9.44,14.6,64.6,148.2,28.5,5.02,7.06,71.0,3.66,5.41,67.7,0.53,1.09,48.5,0.13,0.15,-0.01,0.96,0.43,0.56,0.17,1.02,Matches
469,Jan Vertonghen\Jan-Vertonghen,be BEL,DF,Tottenham,31,1987,21.2,63.1,72.4,87.2,1322.9,414.6,18.1,19.9,91.0,35.1,38.0,92.4,9.53,13.3,71.9,0.00,0.01,-0.01,0.14,5.71,0.33,0.14,4.06,Matches
470,Jannik Vestergaard\Jannik-Vestergaard,dk DEN,DF,Southampton,25,1992,22.5,29.8,39.4,75.6,599.3,228.9,11.0,12.9,85.2,14.4,17.3,83.0,4.22,8.40,50.3,0.00,0.03,-0.03,0.27,2.93,0.09,0.00,2.62,Matches
471,Luciano Vietto\Luciano-Vietto,ar ARG,FWMF,Fulham,24,1993,11.0,30.4,39.5,76.8,473.8,109.8,17.4,21.3,81.6,10.4,12.0,86.4,2.00,4.09,48.9,0.36,0.20,0.16,2.09,1.45,1.09,0.36,2.36,Matches
472,Rúben Vinagre\Ruben-Vinagre,pt POR,DFMF,Wolves,19,1999,7.9,38.1,53.7,71.0,606.6,228.4,21.1,25.2,83.9,14.7,20.9,70.3,2.03,5.32,38.1,0.00,0.10,-0.10,0.76,2.28,0.89,0.76,3.54,Matches
473,Sam Vokes\Sam-Vokes,wal WAL,FW,Burnley,28,1989,10.2,14.8,25.4,58.3,194.8,48.2,9.61,15.0,64.1,4.51,8.04,56.1,0.39,0.88,44.4,0.00,0.05,-0.05,0.59,1.76,0.39,0.10,1.96,Matches
474,Michel Vorm\Michel-Vorm,nl NED,GK,Tottenham,34,1983,2.0,25.5,29.5,86.4,612.0,301.5,6.00,6.00,100.0,13.5,13.5,100.0,6.00,10.0,60.0,0.00,0.00,0.00,0.00,0.00,0.00,0.00,0.00,Matches
475,Matěj Vydra\Matej-Vydra,cz CZE,FWMF,Burnley,26,1992,3.5,13.1,22.0,59.7,178.9,23.7,8.29,13.4,61.7,3.71,5.14,72.2,0.57,2.00,28.6,0.29,0.06,0.23,0.29,0.00,1.14,0.00,1.14,Matches
476,Theo Walcott\Theo-Walcott,eng ENG,FWMF,Everton,29,1989,23.5,19.0,26.9,70.8,282.9,87.4,11.1,13.7,80.8,6.17,8.81,70.0,1.19,2.72,43.8,0.09,0.11,-0.02,0.89,1.74,0.77,0.47,2.21,Matches
477,Kyle Walker\Kyle-Walker,eng ENG,DF,Manchester City,28,1990,30.9,75.6,85.9,88.0,1491.7,384.8,27.6,29.8,92.8,36.7,39.8,92.2,10.8,15.0,71.9,0.03,0.06,-0.02,0.78,8.16,0.94,0.13,5.21,Matches
478,Kyle Walker-Peters\Kyle-Walker-Peters,eng ENG,DF,Tottenham,21,1997,4.2,44.3,53.8,82.3,696.7,238.3,25.5,27.9,91.5,14.8,17.4,84.9,3.57,5.00,71.4,0.71,0.17,0.55,1.90,1.43,0.95,0.48,2.86,Matches
479,Aaron Wan-Bissaka\Aaron-Wan-Bissaka,eng ENG,DF,Crystal Palace,20,1997,34.8,33.2,44.2,75.2,494.0,240.9,19.4,22.3,87.0,11.4,15.1,75.4,1.84,4.57,40.3,0.09,0.05,0.03,0.40,2.41,0.66,0.23,3.51,Matches
480,Victor Wanyama\Victor-Wanyama,ke KEN,MF,Tottenham,27,1991,5.7,45.4,55.1,82.5,804.7,158.9,19.6,21.9,89.6,21.6,25.3,85.4,3.86,5.61,68.8,0.00,0.00,0.00,0.35,3.33,0.00,0.00,2.81,Matches
481,Danny Ward\Danny-Ward,eng ENG,FW,Cardiff City,26,1991,4.9,9.59,17.3,55.3,164.7,38.6,5.10,10.0,51.0,3.88,5.71,67.9,0.61,0.82,75.0,0.00,0.04,-0.04,0.82,1.02,0.20,0.00,1.43,Matches
482,Joel Ward\Joel-Ward,eng ENG,DF,Crystal Palace,28,1989,6.1,30.3,42.0,72.3,498.9,279.5,16.4,19.0,86.2,10.7,15.1,70.7,3.11,6.72,46.3,0.00,0.03,-0.03,0.49,3.11,0.49,0.16,2.79,Matches
483,Stephen Ward\Stephen-Ward,ie IRL,DF,Burnley,32,1985,2.5,44.8,61.6,72.7,864.8,351.2,17.6,23.2,75.9,19.6,24.4,80.3,7.20,13.2,54.5,0.00,0.04,-0.04,0.40,3.60,0.80,0.40,3.60,Matches
484,James Ward-Prowse\James-Ward-Prowse,eng ENG,MFDF,Southampton,23,1994,21.6,28.8,42.3,68.1,529.4,165.3,13.9,16.3,85.0,10.5,14.1,74.7,4.03,10.5,38.3,0.00,0.15,-0.15,2.04,2.41,0.56,0.23,1.94,Matches
485,Danny Welbeck\Danny-Welbeck,eng ENG,FWMF,Arsenal,27,1990,1.7,24.1,31.8,75.9,394.7,156.5,12.4,17.1,72.4,10.6,12.9,81.8,0.59,1.18,50.0,0.59,0.41,0.18,4.12,4.12,1.76,0.00,6.47,Matches
486,Ashley Westwood\Ashley-Westwood,eng ENG,MF,Burnley,28,1990,31.4,35.4,47.9,73.9,721.4,229.5,13.7,15.8,86.5,14.3,18.1,79.2,6.85,12.8,53.6,0.22,0.16,0.06,1.37,4.52,1.31,0.32,5.13,Matches
487,Connor Wickham\Connor-Wickham,eng ENG,FW,Crystal Palace,25,1993,0.7,8.57,18.6,46.2,105.7,37.1,5.71,8.57,66.7,2.86,8.57,33.3,0.00,0.00,,1.43,0.43,1.00,1.43,0.00,0.00,0.00,1.43,Matches
488,Georginio Wijnaldum\Georginio-Wijnaldum,nl NED,MF,Liverpool,27,1990,30.3,53.5,58.7,91.1,942.6,205.8,24.1,25.8,93.1,23.5,25.0,93.8,5.38,6.67,80.7,0.00,0.04,-0.04,0.69,6.30,0.59,0.07,4.16,Matches
489,Danny Williams\Danny-Williams,us USA,MF,Huddersfield,29,1989,1.1,18.2,23.6,76.9,308.2,80.0,6.36,9.09,70.0,11.8,12.7,92.9,0.00,1.82,0.0,0.00,0.00,0.00,0.91,2.73,0.00,0.00,2.73,Matches
490,Willian\Willian,br BRA,FW,Chelsea,29,1988,23.3,47.2,60.7,77.8,819.8,220.0,23.3,26.7,87.2,17.9,21.1,84.9,5.41,10.3,52.7,0.26,0.27,-0.01,3.52,2.66,2.23,0.56,5.28,Matches
491,Joe Willock\Joe-Willock,eng ENG,MF,Arsenal,18,1999,0.7,17.1,17.1,100.0,295.7,41.4,10.0,10.0,100.0,5.71,5.71,100.0,1.43,1.43,100.0,0.00,0.00,0.00,0.00,2.86,0.00,0.00,0.00,Matches
492,Ben Wilmot\Ben-Wilmot,eng ENG,MF,Watford,18,1999,0.3,26.7,33.3,80.0,770.0,476.7,3.33,3.33,100.0,13.3,20.0,66.7,10.0,10.0,100.0,0.00,0.00,0.00,0.00,6.67,0.00,0.00,3.33,Matches
493,Jack Wilshere\Jack-Wilshere,eng ENG,MF,West Ham,26,1992,4.4,43.2,47.3,91.3,741.6,138.0,24.3,26.1,93.0,13.6,14.1,96.8,4.77,6.59,72.4,0.23,0.09,0.14,1.14,4.55,0.45,0.00,2.50,Matches
494,Callum Wilson\Callum-Wilson,eng ENG,FW,Bournemouth,26,1992,28.1,11.4,16.2,70.0,175.0,43.2,6.26,8.51,73.6,3.84,5.05,76.1,0.89,1.32,67.6,0.32,0.15,0.17,1.00,0.60,0.71,0.11,1.49,Matches
495,Harry Winks\Harry-Winks,eng ENG,MF,Tottenham,22,1996,17.7,72.7,79.0,92.0,1355.8,282.0,30.8,32.9,93.6,30.8,32.4,95.3,9.89,11.8,83.7,0.00,0.01,-0.01,0.34,7.68,0.73,0.00,4.75,Matches
496,Chris Wood\Chris-Wood,nz NZL,FW,Burnley,26,1991,28.8,14.1,21.3,66.1,182.2,34.9,9.90,13.3,74.4,3.06,5.07,60.3,0.63,1.39,45.0,0.07,0.07,0.00,0.52,0.66,0.35,0.03,0.87,Matches
497,Granit Xhaka\Granit-Xhaka,ch SUI,MFDF,Arsenal,25,1992,27.8,70.3,85.5,82.2,1456.1,431.5,25.4,28.1,90.5,31.9,35.9,88.9,12.4,20.0,62.2,0.07,0.13,-0.06,1.37,8.24,1.29,0.36,7.66,Matches
498,Andriy Yarmolenko\Andriy-Yarmolenko,ua UKR,FWMF,West Ham,28,1989,5.1,32.9,42.0,78.5,550.2,157.1,14.9,17.5,85.4,13.9,17.8,78.0,2.94,4.90,60.0,0.00,0.10,-0.10,0.98,1.57,1.96,0.20,3.73,Matches
499,DeAndre Yedlin\DeAndre-Yedlin,us USA,DF,Newcastle Utd,25,1993,27.5,28.5,39.9,71.5,499.8,231.1,13.2,15.7,83.8,12.4,16.7,74.3,2.58,6.11,42.3,0.07,0.11,-0.03,1.05,1.71,1.13,0.47,2.80,Matches
500,Maya Yoshida\Maya-Yoshida,jp JPN,DF,Southampton,29,1988,16.9,25.1,32.1,78.1,503.4,173.3,10.0,11.2,89.4,10.1,12.2,82.6,4.50,7.99,56.3,0.06,0.02,0.04,0.36,2.07,0.12,0.00,1.95,Matches
501,Ashley Young\Ashley-Young,eng ENG,DF,Manchester Utd,33,1985,28.5,48.4,66.8,72.5,952.0,416.7,20.0,22.5,88.8,20.0,25.4,78.8,7.75,16.4,47.3,0.07,0.12,-0.05,1.47,4.14,1.16,0.42,4.77,Matches
502,Pablo Zabaleta\Pablo-Zabaleta,ar ARG,DF,West Ham,33,1985,23.2,37.2,49.4,75.3,597.5,255.8,19.0,21.6,87.8,14.7,18.4,79.4,2.67,6.98,38.3,0.04,0.03,0.01,0.30,3.02,0.47,0.17,3.62,Matches
503,Wilfried Zaha\Wilfried-Zaha,ci CIV,FW,Crystal Palace,25,1992,33.7,24.9,32.5,76.7,371.9,109.3,14.8,18.3,80.9,7.74,9.35,82.9,1.72,2.58,66.7,0.15,0.17,-0.02,1.60,1.81,2.02,0.30,3.98,Matches
504,Andre-Frank Zambo Anguissa\Andre-Frank-Zambo-Anguissa,cm CMR,MF,Fulham,22,1995,16.9,55.1,62.9,87.6,936.0,271.0,25.4,27.8,91.5,24.8,28.0,88.4,4.14,5.68,72.9,0.00,0.02,-0.02,0.41,5.68,0.36,0.06,4.73,Matches
505,Davide Zappacosta\Davide-Zappacosta,it ITA,DF,Chelsea,26,1992,1.4,55.0,65.0,84.6,897.1,250.0,27.9,33.6,83.0,22.9,23.6,97.0,4.29,6.43,66.7,0.00,0.07,-0.07,0.71,1.43,0.71,0.71,1.43,Matches
506,Oleksandr Zinchenko\Oleksandr-Zinchenko,ua UKR,DF,Manchester City,21,1996,12.8,94.4,104.5,90.3,1653.5,421.3,44.4,47.7,93.0,41.3,45.2,91.4,8.20,10.3,79.5,0.23,0.10,0.13,0.94,10.2,1.64,0.31,7.97,Matches
507,Kenneth Zohore\Kenneth-Zohore,dk DEN,FW,Cardiff City,24,1994,8.4,12.0,18.2,66.0,167.6,33.3,7.74,11.0,70.7,3.33,4.76,70.0,0.60,0.95,62.5,0.12,0.13,-0.01,1.55,0.71,0.48,0.24,0.95,Matches
508,Kurt Zouma\Kurt-Zouma,fr FRA,DF,Everton,23,1994,29.0,42.0,49.3,85.2,910.9,289.7,13.3,14.6,91.3,20.0,22.4,89.5,8.31,11.5,72.4,0.07,0.01,0.06,0.21,2.45,0.14,0.00,2.79,Matches