Rk,Player,Nation,Pos,Squad,Age,Born,90s,Tkl,TklW,Def 3rd,Mid 3rd,Att 3rd,Tkl,Att,Tkl%,Past,Press,Succ,%,Def 3rd,Mid 3rd,Att 3rd,Blocks,Sh,ShSv,Pass,Int,Tkl+Int,Clr,Err,Matches
1,Patrick van Aanholt\Patrick-van-Aanholt,nl NED,DF,Crystal Palace,27,1990,35.5,1.30,0.90,0.90,0.31,0.08,0.51,1.27,40.0,0.76,11.9,3.24,27.3,8.45,2.42,0.99,1.72,0.28,0.00,1.44,1.01,2.31,2.76,0.03,Matches
2,Sergio Agüero\Sergio-Aguero,ar ARG,FW,Manchester City,30,1988,27.3,0.62,0.51,0.11,0.22,0.29,0.15,0.37,40.0,0.22,16.9,4.51,26.6,0.95,5.64,10.3,0.81,0.22,0.00,0.59,0.26,0.88,0.04,0.00,Matches
3,Nathan Aké\Nathan-Ake,nl NED,DF,Bournemouth,23,1995,37.9,1.58,0.98,1.11,0.40,0.08,0.45,0.92,48.6,0.47,10.4,3.06,29.4,7.41,2.69,0.32,1.85,0.98,0.05,0.87,0.71,2.30,6.25,0.00,Matches
4,Marc Albrighton\Marc-Albrighton,eng ENG,FWMF,Leicester City,28,1989,18.1,2.04,1.27,0.88,0.83,0.33,0.66,2.38,27.9,1.71,21.7,5.58,25.7,7.79,9.17,4.75,1.66,0.17,0.00,1.49,1.27,3.31,1.05,0.00,Matches
5,Toby Alderweireld\Toby-Alderweireld,be BEL,DF,Tottenham,29,1989,32.5,1.26,0.71,0.98,0.28,0.00,0.28,0.89,31.0,0.62,6.62,2.34,35.3,4.31,2.00,0.31,1.66,0.80,0.03,0.86,0.62,1.88,4.98,0.03,Matches
6,Trent Alexander-Arnold\Trent-Alexander-Arnold,eng ENG,DF,Liverpool,19,1998,27.4,2.08,1.02,1.06,0.77,0.26,0.91,2.66,34.2,1.75,13.4,4.38,32.6,6.46,4.60,2.37,1.28,0.11,0.04,1.17,1.20,3.28,2.37,0.04,Matches
7,Alisson\Alisson,br BRA,GK,Liverpool,25,1992,38.0,0.00,0.00,0.00,0.00,0.00,0.00,0.05,0.0,0.05,0.05,0.00,0.0,0.05,0.00,0.00,0.00,0.00,0.00,0.00,0.00,0.00,0.00,0.11,Matches
8,Dele Alli\Dele-Alli,eng ENG,MFFW,Tottenham,22,1996,20.3,1.58,1.28,0.39,0.64,0.54,0.30,1.28,23.1,0.99,23.2,6.26,27.0,5.86,10.7,6.55,1.77,0.20,0.05,1.58,0.79,2.36,0.74,0.00,Matches
9,Miguel Almirón\Miguel-Almiron,py PAR,FWMF,Newcastle Utd,24,1994,8.4,2.02,1.31,0.71,1.07,0.24,0.36,1.31,27.3,0.95,27.5,7.26,26.4,5.12,15.5,6.90,1.90,0.24,0.00,1.67,0.48,2.50,0.60,0.00,Matches
10,Marcos Alonso\Marcos-Alonso,es ESP,DF,Chelsea,27,1990,30.7,2.18,1.24,1.30,0.62,0.26,0.59,1.73,34.0,1.14,17.3,4.92,28.4,9.28,5.31,2.70,1.95,0.13,0.00,1.82,1.01,3.19,2.80,0.03,Matches
11,Daniel Amartey\Daniel-Amartey,gh GHA,DF,Leicester City,23,1994,7.1,2.25,1.13,1.55,0.70,0.00,0.70,1.69,41.7,0.99,12.1,4.93,40.7,8.17,3.38,0.56,1.97,0.56,0.00,1.41,1.55,3.80,2.54,0.00,Matches
12,Luke Amos\Luke-Amos,eng ENG,MF,Tottenham,21,1997,0.0,1,1,0,1,0,0,0,,0,2,2,100.0,0,2,0,0,0,0,0,0,1,0,0,Matches
13,Felipe Anderson\Felipe-Anderson,br BRA,FWMF,West Ham,25,1993,33.8,2.25,1.30,0.86,1.09,0.30,0.68,2.96,23.0,2.28,22.2,5.09,22.9,7.49,10.7,4.05,1.98,0.00,0.00,1.98,1.12,3.37,0.30,0.00,Matches
14,Florin Andone\Florin-Andone,ro ROU,FW,Brighton,25,1993,9.8,1.12,0.92,0.31,0.41,0.41,0.10,1.12,9.1,1.02,24.6,4.80,19.5,3.57,9.69,11.3,0.92,0.10,0.00,0.82,0.10,1.22,1.12,0.00,Matches
15,Michail Antonio\Michail-Antonio,eng ENG,FWMF,West Ham,28,1990,23.4,1.32,0.94,0.56,0.43,0.34,0.43,0.77,55.6,0.34,16.9,3.59,21.3,4.87,7.09,4.91,2.22,0.17,0.00,2.05,0.56,1.88,1.24,0.00,Matches
16,Stuart Armstrong\Stuart-Armstrong,sco SCO,MFFW,Southampton,26,1992,15.9,2.01,0.88,0.94,0.44,0.63,0.31,2.77,11.4,2.45,26.2,6.92,26.4,6.35,13.5,6.42,1.32,0.00,0.00,1.32,0.75,2.77,0.50,0.00,Matches
17,Marko Arnautović\Marko-Arnautovic,at AUT,FW,West Ham,29,1989,22.1,0.45,0.27,0.14,0.18,0.14,0.09,0.45,20.0,0.36,15.2,3.21,21.2,1.31,6.02,7.83,0.54,0.14,0.00,0.41,0.09,0.54,0.32,0.00,Matches
18,Kepa Arrizabalaga\Kepa-Arrizabalaga,es ESP,GK,Chelsea,23,1994,36.0,0.00,0.00,0.00,0.00,0.00,0.00,0.03,0.0,0.03,0.03,0.00,0.0,0.03,0.00,0.00,0.00,0.00,0.00,0.00,0.00,0.00,0.00,0.06,Matches
19,Harry Arter\Harry-Arter,ie IRL,MF,Cardiff City,28,1989,22.2,2.48,1.80,0.81,1.26,0.41,0.72,2.39,30.2,1.67,34.4,7.84,22.8,8.38,18.3,7.66,1.58,0.23,0.00,1.35,0.90,3.38,0.77,0.00,Matches
20,Christian Atsu\Christian-Atsu,gh GHA,MFFW,Newcastle Utd,26,1992,16.6,1.63,0.96,0.66,0.60,0.36,0.36,1.51,24.0,1.14,24.6,5.60,22.7,7.11,12.3,5.24,1.33,0.12,0.00,1.20,0.18,1.81,0.48,0.00,Matches
21,Pierre-Emerick Aubameyang\Pierre-Emerick-Aubameyang,ga GAB,FW,Arsenal,29,1989,30.3,0.69,0.40,0.17,0.26,0.26,0.17,1.16,14.3,0.99,19.7,4.95,25.1,2.67,9.08,7.95,1.19,0.00,0.00,1.19,0.17,0.86,0.43,0.00,Matches
22,Serge Aurier\Serge-Aurier,ci CIV,DFMF,Tottenham,25,1992,6.3,3.49,1.90,2.54,0.79,0.16,0.79,1.90,41.7,1.11,20.8,7.14,34.4,9.05,8.25,3.49,2.22,0.32,0.00,1.90,1.11,4.60,2.54,0.16,Matches
23,Charlie Austin\Charlie-Austin,eng ENG,FW,Southampton,29,1989,10.9,0.92,0.46,0.28,0.28,0.37,0.46,0.73,62.5,0.28,25.4,5.05,19.9,2.20,10.6,12.7,1.01,0.18,0.00,0.83,0.28,1.19,1.28,0.00,Matches
24,Jordan Ayew\Jordan-Ayew,gh GHA,FW,Crystal Palace,26,1991,13.1,3.21,2.14,0.84,1.76,0.61,0.76,1.76,43.5,0.99,43.8,10.6,24.2,4.73,25.7,13.4,1.83,0.15,0.00,1.68,0.53,3.74,0.23,0.00,Matches
25,Floyd Ayité\Floyd-Ayite,tg TOG,FWMF,Fulham,29,1988,5.3,1.70,1.13,0.57,0.75,0.38,0.75,1.51,50.0,0.75,16.6,3.96,23.9,6.04,6.98,3.58,2.45,0.38,0.00,2.08,0.94,2.64,0.94,0.00,Matches
26,César Azpilicueta\Cesar-Azpilicueta,es ESP,DF,Chelsea,28,1989,37.8,2.59,1.48,1.38,0.93,0.29,0.74,1.72,43.1,0.98,16.6,4.52,27.3,8.23,6.19,2.14,2.06,0.48,0.03,1.59,0.93,3.52,2.43,0.00,Matches
27,Ryan Babel\Ryan-Babel,nl NED,FW,Fulham,31,1986,13.9,0.72,0.50,0.43,0.14,0.14,0.22,0.58,37.5,0.36,15.8,4.03,25.6,4.82,6.55,4.39,1.29,0.00,0.00,1.29,0.79,1.51,0.72,0.00,Matches
28,Juninho Bacuna\Juninho-Bacuna,cw CUW,MFDF,Huddersfield,20,1997,15.7,2.61,1.66,1.34,0.96,0.32,1.21,3.76,32.2,2.55,25.6,6.56,25.6,8.66,13.8,3.18,2.04,0.06,0.00,1.97,1.78,4.39,0.89,0.00,Matches
29,Leandro Bacuna\Leandro-Bacuna,cw CUW,MFDF,Cardiff City,26,1991,6.2,2.42,1.45,1.29,0.81,0.32,0.97,3.55,27.3,2.58,28.5,5.81,20.3,11.1,15.0,2.42,1.77,0.32,0.00,1.45,2.10,4.52,2.58,0.00,Matches
30,Eric Bailly\Eric-Bailly,ci CIV,DF,Manchester Utd,24,1994,7.1,1.97,0.99,1.83,0.14,0.00,0.70,0.85,83.3,0.14,9.30,3.10,33.3,5.63,3.52,0.14,1.97,0.56,0.00,1.41,1.13,3.10,4.51,0.00,Matches
31,Leighton Baines\Leighton-Baines,eng ENG,DF,Everton,33,1984,4.2,1.67,0.95,0.95,0.71,0.00,0.95,1.43,66.7,0.48,8.81,1.67,18.9,3.57,2.62,2.62,1.19,0.00,0.00,1.19,0.71,2.38,0.95,0.24,Matches
32,Fabián Balbuena\Fabian-Balbuena,py PAR,DF,West Ham,26,1991,22.4,1.61,1.21,1.34,0.27,0.00,0.49,1.79,27.5,1.29,7.86,2.90,36.9,5.76,1.83,0.27,1.52,0.67,0.00,0.85,1.70,3.30,7.46,0.04,Matches
33,Leon Balogun\Leon-Balogun,ng NGA,DF,Brighton,30,1988,6.6,2.12,1.06,1.67,0.45,0.00,0.76,1.52,50.0,0.76,7.88,2.73,34.6,5.91,1.67,0.30,1.52,0.61,0.00,0.91,1.21,3.33,6.06,0.00,Matches
34,Sol Bamba\Sol-Bamba,ci CIV,DF,Cardiff City,33,1985,27.5,2.69,1.24,1.71,0.98,0.00,0.98,2.07,47.4,1.09,12.9,3.96,30.7,7.78,4.84,0.29,3.27,1.09,0.07,2.18,2.33,5.02,5.78,0.04,Matches
35,Phil Bardsley\Phil-Bardsley,sco SCO,DF,Burnley,33,1985,18.6,1.94,1.02,1.13,0.75,0.05,0.70,1.67,41.9,0.97,11.2,3.12,27.8,6.51,3.60,1.13,1.61,0.65,0.11,0.97,1.34,3.28,4.57,0.05,Matches
36,Ross Barkley\Ross-Barkley,eng ENG,MF,Chelsea,24,1993,13.8,0.87,0.80,0.22,0.58,0.07,0.36,1.52,23.8,1.16,18.1,4.35,24.0,3.62,9.71,4.78,1.01,0.07,0.00,0.94,0.72,1.59,1.16,0.07,Matches
37,Ashley Barnes\Ashley-Barnes,eng ENG,FW,Burnley,28,1989,26.5,0.98,0.53,0.19,0.53,0.26,0.19,1.51,12.5,1.32,27.4,6.34,23.1,2.60,14.0,10.8,1.17,0.30,0.00,0.87,0.15,1.13,0.91,0.04,Matches
38,Harvey Barnes\Harvey-Barnes,eng ENG,FWMF,Leicester City,20,1997,11.2,0.71,0.36,0.36,0.27,0.09,0.18,0.80,22.2,0.63,14.6,3.84,26.4,3.93,7.32,3.30,0.89,0.18,0.00,0.71,0.09,0.80,0.36,0.00,Matches
39,Antonio Barreca\Antonio-Barreca,it ITA,DF,Newcastle Utd,23,1995,0.1,0.00,0.00,0.00,0.00,0.00,0.00,0.00,,0.00,10.0,0.00,0.0,0.00,10.0,0.00,0.00,0.00,0.00,0.00,0.00,0.00,0.00,0.00,Matches
40,Michy Batshuayi\Michy-Batshuayi,be BEL,FW,Crystal Palace,24,1993,8.3,0.24,0.12,0.00,0.00,0.24,0.12,0.48,25.0,0.36,20.5,3.86,18.8,1.69,11.8,6.99,1.08,0.60,0.00,0.48,0.60,0.84,0.12,0.00,Matches
41,Jan Bednarek\Jan-Bednarek,pl POL,DF,Southampton,22,1996,23.9,1.80,1.17,1.05,0.67,0.08,0.75,1.51,50.0,0.75,11.1,2.93,26.3,7.20,3.68,0.25,2.38,1.05,0.08,1.34,2.18,3.97,7.20,0.00,Matches
42,Asmir Begović\Asmir-Begovic,ba BIH,GK,Bournemouth,31,1987,24.0,0.00,0.00,0.00,0.00,0.00,0.00,0.17,0.0,0.17,0.04,0.00,0.0,0.04,0.00,0.00,0.00,0.00,0.00,0.00,0.00,0.00,0.04,0.04,Matches
43,Héctor Bellerín\Hector-Bellerin,es ESP,DF,Arsenal,23,1995,17.0,0.76,0.53,0.47,0.24,0.06,0.41,1.06,38.9,0.65,11.5,2.94,25.6,5.41,4.47,1.59,1.82,0.24,0.00,1.59,0.65,1.41,1.71,0.00,Matches
44,Joe Bennett\Joe-Bennett,eng ENG,DF,Cardiff City,28,1990,29.3,1.71,0.92,1.13,0.55,0.03,0.44,1.19,37.1,0.75,14.9,4.16,27.9,8.09,6.11,0.72,2.32,0.31,0.00,2.01,1.26,2.97,2.53,0.00,Matches
45,Ryan Bennett\Ryan-Bennett,eng ENG,DF,Wolves,28,1990,34.0,2.00,1.06,1.38,0.53,0.09,0.62,0.94,65.6,0.32,8.88,2.41,27.2,6.38,2.26,0.24,2.12,0.74,0.03,1.38,0.71,2.71,4.18,0.03,Matches
46,Christian Benteke\Christian-Benteke,be BEL,FW,Crystal Palace,27,1990,9.0,0.56,0.44,0.22,0.22,0.11,0.22,0.44,50.0,0.22,17.0,3.67,21.6,1.11,10.1,5.78,0.56,0.11,0.00,0.44,0.00,0.56,1.44,0.00,Matches
47,Jóhann Berg Guðmundsson\Johann-Berg-Gudmundsson,is ISL,MFFW,Burnley,27,1990,19.5,1.13,0.72,0.62,0.46,0.05,0.46,1.38,33.3,0.92,17.9,4.26,23.7,5.90,7.59,4.46,2.05,0.10,0.00,1.95,1.38,2.51,1.54,0.00,Matches
48,Bernard\Bernard,br BRA,FWMF,Everton,25,1992,23.5,2.04,1.36,0.81,0.81,0.43,0.68,2.43,28.1,1.74,20.9,5.36,25.7,7.06,9.57,4.21,2.21,0.09,0.00,2.13,1.32,3.36,0.43,0.00,Matches
49,Bernardo\Bernardo,br BRA,DF,Brighton,23,1995,19.5,3.38,2.00,2.36,0.77,0.26,1.13,2.05,55.0,0.92,14.1,4.97,35.4,8.77,4.26,1.03,2.72,0.82,0.05,1.90,1.74,5.13,3.90,0.00,Matches
50,Ryan Bertrand\Ryan-Bertrand,eng ENG,DF,Southampton,28,1989,24.0,1.50,0.79,0.79,0.58,0.13,0.42,1.29,32.3,0.88,12.8,3.83,30.0,5.83,4.42,2.54,1.50,0.21,0.00,1.29,1.08,2.58,1.92,0.00,Matches
51,Marcus Bettinelli\Marcus-Bettinelli,eng ENG,GK,Fulham,26,1992,7.0,0.00,0.00,0.00,0.00,0.00,0.00,0.00,,0.00,0.00,0.00,,0.00,0.00,0.00,0.00,0.00,0.00,0.00,0.00,0.00,0.14,0.00,Matches
52,Philip Billing\Philip-Billing,dk DEN,MF,Huddersfield,22,1996,24.3,2.84,1.81,1.23,1.36,0.25,0.66,2.10,31.4,1.44,24.7,6.83,27.7,9.18,11.4,4.12,2.80,0.70,0.08,2.10,2.26,5.10,1.77,0.00,Matches
53,Yves Bissouma\Yves-Bissouma,ml MLI,MF,Brighton,21,1996,19.7,3.10,2.03,1.88,1.07,0.15,0.71,1.88,37.8,1.17,29.3,6.29,21.5,13.5,13.5,2.39,1.98,0.36,0.00,1.62,1.02,4.11,1.57,0.05,Matches
54,Willy Boly\Willy-Boly,ci CIV,DF,Wolves,27,1991,35.2,2.27,1.28,1.34,0.91,0.03,0.57,1.48,38.5,0.91,8.98,3.32,37.0,5.80,3.07,0.11,2.16,0.94,0.00,1.22,1.22,3.49,5.74,0.06,Matches
55,Léo Bonatini\Leo-Bonatini,br BRA,FW,Wolves,24,1994,1.5,1.33,1.33,0.00,0.67,0.67,0.67,3.33,20.0,2.67,18.7,6.00,32.1,1.33,8.00,9.33,0.00,0.00,0.00,0.00,0.00,1.33,0.00,0.00,Matches
56,Gaëtan Bong\Gaetan-Bong,cm CMR,DF,Brighton,30,1988,20.1,1.09,0.75,0.60,0.30,0.20,0.25,0.75,33.3,0.50,11.9,3.48,29.3,7.71,3.13,1.04,2.29,0.45,0.00,1.84,0.80,1.89,2.69,0.00,Matches
57,Artur Boruc\Artur-Boruc,pl POL,GK,Bournemouth,38,1980,12.0,0.00,0.00,0.00,0.00,0.00,0.00,0.17,0.0,0.17,0.08,0.00,0.0,0.08,0.00,0.00,0.00,0.00,0.00,0.00,0.00,0.00,0.00,0.00,Matches
58,Robbie Brady\Robbie-Brady,ie IRL,MFFW,Burnley,26,1992,8.0,1.50,1.00,0.50,0.50,0.50,0.25,1.25,20.0,1.00,22.6,4.38,19.3,7.38,10.8,4.50,2.13,0.13,0.00,2.00,1.00,2.50,1.63,0.13,Matches
59,Miguel Britos\Miguel-Britos,uy URU,DF,Watford,33,1985,2.1,1.90,0.48,1.90,0.00,0.00,0.95,1.90,50.0,0.95,10.0,1.90,19.0,9.05,0.95,0.00,0.95,0.48,0.00,0.48,0.48,2.38,7.62,0.00,Matches
60,David Brooks\David-Brooks,wal WAL,MFFW,Bournemouth,21,1997,25.1,1.35,0.88,0.56,0.60,0.20,0.44,1.79,24.4,1.35,25.0,5.58,22.3,7.57,12.4,5.10,1.75,0.24,0.04,1.51,0.88,2.23,0.88,0.00,Matches
61,Bruno\Bruno,es ESP,DF,Brighton,37,1980,12.6,2.14,1.51,1.90,0.08,0.16,1.11,1.43,77.8,0.32,7.70,1.98,25.8,5.56,1.51,0.63,0.79,0.16,0.00,0.63,0.56,2.70,3.25,0.08,Matches
62,Joe Bryan\Joe-Bryan,eng ENG,DF,Fulham,24,1993,26.1,2.49,1.49,1.46,0.80,0.23,1.00,2.07,48.1,1.07,15.1,3.87,25.7,8.43,5.17,1.46,1.92,0.54,0.00,1.38,1.15,3.64,2.84,0.11,Matches
63,David Button\David-Button,eng ENG,GK,Brighton,29,1989,4.0,0.00,0.00,0.00,0.00,0.00,0.00,0.00,,0.00,0.00,0.00,,0.00,0.00,0.00,0.00,0.00,0.00,0.00,0.00,0.00,0.00,0.00,Matches
64,Willy Caballero\Willy-Caballero,ar ARG,GK,Chelsea,36,1981,2.0,0.00,0.00,0.00,0.00,0.00,0.00,0.00,,0.00,0.00,0.00,,0.00,0.00,0.00,0.50,0.00,0.00,0.50,0.00,0.00,0.00,0.00,Matches
65,Gary Cahill\Gary-Cahill,eng ENG,DF,Chelsea,32,1985,0.3,0.00,0.00,0.00,0.00,0.00,0.00,0.00,,0.00,3.33,0.00,0.0,0.00,3.33,0.00,0.00,0.00,0.00,0.00,0.00,0.00,0.00,0.00,Matches
66,Tom Cairney\Tom-Cairney,sco SCO,MFFW,Fulham,27,1991,24.4,1.56,1.23,0.53,0.78,0.25,0.41,0.74,55.6,0.33,16.7,4.59,27.5,3.65,8.73,4.30,1.11,0.16,0.00,0.94,0.61,2.17,0.53,0.00,Matches
67,Dominic Calvert-Lewin\Dominic-Calvert-Lewin,eng ENG,FW,Everton,21,1997,19.8,0.66,0.40,0.15,0.30,0.20,0.25,0.61,41.7,0.35,19.8,5.51,27.8,1.01,8.79,10.0,1.46,0.30,0.00,1.16,0.45,1.11,0.81,0.00,Matches
68,Rafael Camacho\Rafael-Camacho,pt POR,DF,Liverpool,18,2000,0.0,1,0,1,0,0,1,1,100.0,0,0,0,,0,0,0,0,0,0,0,0,1,0,0,Matches
69,Víctor Camarasa\Victor-Camarasa,es ESP,MF,Cardiff City,24,1994,28.5,0.91,0.56,0.35,0.28,0.28,0.21,1.26,16.7,1.05,17.8,4.42,24.9,4.63,9.12,4.00,1.16,0.14,0.00,1.02,0.81,1.72,0.81,0.00,Matches
70,Étienne Capoue\Etienne-Capoue,fr FRA,MF,Watford,30,1988,32.7,2.75,2.05,1.07,1.41,0.28,0.70,2.57,27.4,1.87,22.0,5.84,26.5,9.63,11.0,1.38,1.93,0.49,0.03,1.44,1.90,4.65,2.32,0.00,Matches
71,Andy Carroll\Andy-Carroll,eng ENG,FW,West Ham,29,1989,5.1,0.39,0.20,0.20,0.20,0.00,0.00,0.39,0.0,0.39,17.8,2.16,12.1,0.59,9.41,7.84,0.98,0.39,0.00,0.59,0.39,0.78,1.96,0.20,Matches
72,Jonny Castro\Jonny-Castro,es ESP,DFMF,Wolves,24,1994,30.8,2.40,1.33,1.40,0.84,0.16,0.78,2.24,34.8,1.46,17.7,5.39,30.5,8.25,7.11,2.34,2.05,0.16,0.00,1.88,1.66,4.06,1.88,0.00,Matches
73,Craig Cathcart\Craig-Cathcart,nir NIR,DF,Watford,29,1989,34.4,1.51,0.87,1.08,0.38,0.06,0.41,0.96,42.4,0.55,8.05,2.99,37.2,5.26,2.56,0.23,1.60,0.87,0.03,0.73,0.73,2.24,5.35,0.06,Matches
74,Ivan Cavaleiro\Ivan-Cavaleiro,pt POR,FWMF,Wolves,24,1993,7.7,1.43,0.65,0.78,0.26,0.39,0.00,1.04,0.0,1.04,25.7,5.84,22.7,4.42,14.5,6.75,1.04,0.00,0.00,1.04,0.78,2.21,0.52,0.00,Matches
75,Petr Čech\Petr-Cech,cz CZE,GK,Arsenal,36,1982,6.5,0.00,0.00,0.00,0.00,0.00,0.00,0.00,,0.00,0.15,0.00,0.0,0.15,0.00,0.00,0.00,0.00,0.00,0.00,0.00,0.00,0.00,0.00,Matches
76,Nathaniel Chalobah\Nathaniel-Chalobah,eng ENG,MFFW,Watford,23,1994,3.0,1.67,0.67,1.00,0.67,0.00,0.67,2.33,28.6,1.67,27.0,8.33,30.9,10.0,14.7,2.33,1.00,0.33,0.00,0.67,1.33,3.00,1.33,0.00,Matches
77,Calum Chambers\Calum-Chambers,eng ENG,MFDF,Fulham,23,1995,28.8,1.81,1.46,0.90,0.69,0.21,0.63,1.88,33.3,1.25,21.1,5.87,27.8,8.89,10.5,1.77,2.36,0.52,0.00,1.84,1.84,3.65,3.96,0.03,Matches
78,Ben Chilwell\Ben-Chilwell,eng ENG,DF,Leicester City,21,1996,36.0,1.56,1.00,0.86,0.53,0.17,0.53,1.58,33.3,1.06,16.5,4.67,28.3,8.78,5.61,2.11,2.03,0.22,0.00,1.81,0.94,2.50,3.17,0.00,Matches
79,Tahith Chong\Tahith-Chong,nl NED,FW,Manchester Utd,18,1999,0.4,0.00,0.00,0.00,0.00,0.00,0.00,0.00,,0.00,15.0,7.50,50.0,0.00,5.00,10.0,0.00,0.00,0.00,0.00,0.00,0.00,0.00,0.00,Matches
80,Hamza Choudhury\Hamza-Choudhury,eng ENG,MF,Leicester City,20,1997,6.6,3.48,1.21,1.52,1.82,0.15,1.21,2.42,50.0,1.21,27.6,7.27,26.4,11.5,12.3,3.79,2.12,0.45,0.00,1.67,2.27,5.76,2.58,0.00,Matches
81,Andreas Christensen\Andreas-Christensen,dk DEN,DF,Chelsea,22,1996,6.9,1.45,0.58,0.43,1.01,0.00,0.43,1.01,42.9,0.58,8.55,2.90,33.9,5.22,3.19,0.14,1.16,0.29,0.00,0.87,0.87,2.32,4.64,0.00,Matches
82,Cyrus Christie\Cyrus-Christie,ie IRL,DF,Fulham,25,1992,21.6,2.04,1.06,1.34,0.65,0.05,0.83,2.13,39.1,1.30,17.5,4.12,23.5,10.1,5.09,2.31,1.90,0.32,0.05,1.57,1.06,3.10,3.98,0.00,Matches
83,Ibrahima Cissé\Ibrahima-Cisse,gn GUI,MFFW,Fulham,24,1994,1.0,0.00,0.00,0.00,0.00,0.00,0.00,1.00,0.0,1.00,31.0,5.00,16.1,11.0,16.0,4.00,1.00,0.00,0.00,1.00,4.00,4.00,1.00,0.00,Matches
84,Ciaran Clark\Ciaran-Clark,ie IRL,DF,Newcastle Utd,28,1989,9.5,1.58,1.05,0.95,0.53,0.11,0.74,1.26,58.3,0.53,9.05,3.16,34.9,6.42,2.21,0.42,1.47,0.53,0.00,0.95,1.05,2.63,4.84,0.00,Matches
85,Tom Cleverley\Tom-Cleverley,eng ENG,MFFW,Watford,28,1989,5.3,3.40,2.64,2.45,0.57,0.38,1.32,4.72,28.0,3.40,27.0,6.04,22.4,13.6,10.9,2.45,0.75,0.00,0.00,0.75,0.75,4.15,2.26,0.00,Matches
86,Nathaniel Clyne\Nathaniel-Clyne,eng ENG,DF,Bournemouth,27,1991,12.7,2.28,1.02,1.10,0.94,0.24,0.47,1.50,31.6,1.02,15.6,3.94,25.3,10.1,4.49,1.02,1.50,0.16,0.00,1.34,0.94,3.23,3.07,0.00,Matches
87,Nathaniel Clyne\Nathaniel-Clyne,eng ENG,DF,Liverpool,27,1991,1.2,4.17,0.83,1.67,2.50,0.00,1.67,4.17,40.0,2.50,14.2,4.17,29.4,3.33,5.00,5.83,0.83,0.00,0.00,0.83,0.83,5.00,3.33,0.00,Matches
88,Conor Coady\Conor-Coady,eng ENG,DF,Wolves,25,1993,38.0,0.82,0.42,0.68,0.13,0.00,0.24,0.66,36.0,0.42,4.68,1.42,30.3,3.97,0.71,0.00,1.18,0.68,0.03,0.50,0.63,1.45,4.00,0.03,Matches
89,Joel Coleman\Joel-Coleman,eng ENG,GK,Huddersfield,22,1995,1.0,0.00,0.00,0.00,0.00,0.00,0.00,0.00,,0.00,0.00,0.00,,0.00,0.00,0.00,0.00,0.00,0.00,0.00,0.00,0.00,0.00,0.00,Matches
90,Séamus Coleman\Seamus-Coleman,ie IRL,DF,Everton,29,1988,28.4,1.76,1.13,0.99,0.56,0.21,0.63,1.13,56.3,0.49,10.4,3.17,30.4,6.30,2.99,1.13,1.41,0.21,0.00,1.20,0.88,2.64,2.85,0.04,Matches
91,Lewis Cook\Lewis-Cook,eng ENG,MF,Bournemouth,21,1997,8.0,1.75,1.00,1.00,0.63,0.13,0.88,2.63,33.3,1.75,15.9,3.38,21.3,7.38,7.00,1.50,1.00,0.25,0.00,0.75,0.75,2.50,1.00,0.00,Matches
92,Steve Cook\Steve-Cook,eng ENG,DF,Bournemouth,27,1991,31.0,1.13,0.68,0.97,0.13,0.03,0.52,0.84,61.5,0.32,6.74,2.03,30.1,4.52,1.90,0.32,1.45,0.74,0.00,0.71,0.90,2.03,7.81,0.03,Matches
93,Jack Cork\Jack-Cork,eng ENG,MF,Burnley,29,1989,36.8,1.25,0.73,0.43,0.68,0.14,0.43,1.55,28.1,1.11,18.7,4.46,23.8,5.95,9.86,2.91,1.55,0.52,0.00,1.03,0.79,2.04,2.07,0.00,Matches
94,Hélder Costa\Helder-Costa,pt POR,FWMF,Wolves,24,1994,14.9,1.14,0.94,0.54,0.34,0.27,0.47,1.54,30.4,1.07,26.6,4.90,18.4,4.50,16.7,5.44,1.14,0.00,0.00,1.14,0.54,1.68,0.47,0.00,Matches
95,Aaron Cresswell\Aaron-Cresswell,eng ENG,DF,West Ham,28,1989,17.7,1.36,0.85,0.68,0.51,0.17,0.51,1.41,36.0,0.90,13.2,4.29,32.6,8.14,3.39,1.64,2.43,0.40,0.00,2.03,0.85,2.20,3.39,0.06,Matches
96,Peter Crouch\Peter-Crouch,eng ENG,FW,Burnley,37,1981,1.0,0.00,0.00,0.00,0.00,0.00,0.00,0.00,,0.00,14.0,2.00,14.3,0.00,3.00,11.0,2.00,0.00,0.00,2.00,0.00,0.00,3.00,0.00,Matches
97,Greg Cunningham\Greg-Cunningham,ie IRL,DF,Cardiff City,27,1991,7.0,1.86,1.00,1.14,0.43,0.29,0.43,2.00,21.4,1.57,16.7,4.57,27.4,8.14,7.57,1.00,2.43,0.29,0.00,2.14,1.29,3.14,1.29,0.00,Matches
98,Diogo Dalot\Diogo-Dalot,pt POR,DFMF,Manchester Utd,19,1999,11.3,1.95,1.15,0.88,0.80,0.27,0.97,1.59,61.1,0.62,15.3,3.81,24.9,7.43,5.75,2.12,2.21,0.18,0.00,2.04,0.80,2.74,3.19,0.09,Matches
99,Matty Daly\Matty-Daly,eng ENG,MF,Huddersfield,17,2001,0.8,0.00,0.00,0.00,0.00,0.00,0.00,0.00,,0.00,20.0,5.00,25.0,3.75,12.5,3.75,0.00,0.00,0.00,0.00,0.00,0.00,1.25,0.00,Matches
100,Loïc Damour\Loic-Damour,fr FRA,MF,Cardiff City,27,1991,0.3,0.00,0.00,0.00,0.00,0.00,0.00,3.33,0.0,3.33,20.0,3.33,16.7,3.33,13.3,3.33,0.00,0.00,0.00,0.00,0.00,0.00,0.00,0.00,Matches
101,Charlie Daniels\Charlie-Daniels,eng ENG,DF,Bournemouth,31,1986,17.6,1.36,0.91,0.97,0.34,0.06,0.45,1.42,32.0,0.97,17.0,4.49,26.3,11.1,4.55,1.36,1.99,0.23,0.00,1.76,0.91,2.27,1.93,0.06,Matches
102,Danilo\Danilo,br BRA,DF,Manchester City,27,1991,9.0,2.33,1.00,0.78,1.33,0.22,1.78,2.89,61.5,1.11,11.3,4.44,39.2,4.56,4.44,2.33,0.78,0.00,0.00,0.78,1.33,3.67,4.56,0.11,Matches
103,Scott Dann\Scott-Dann,eng ENG,DF,Crystal Palace,31,1987,7.4,0.68,0.14,0.54,0.14,0.00,0.27,1.22,22.2,0.95,5.95,0.68,11.4,4.73,1.08,0.14,3.24,1.89,0.00,1.35,0.27,0.95,8.38,0.00,Matches
104,Matteo Darmian\Matteo-Darmian,it ITA,DF,Manchester Utd,28,1989,4.9,2.45,1.22,1.43,0.82,0.20,0.82,1.84,44.4,1.02,13.9,3.27,23.5,8.37,4.69,0.82,1.63,0.20,0.00,1.43,1.22,3.67,4.08,0.00,Matches
105,Ben Davies\Ben-Davies,wal WAL,DF,Tottenham,25,1993,20.5,2.15,1.17,1.41,0.59,0.15,1.07,2.24,47.8,1.17,14.5,2.88,19.9,7.02,5.37,2.10,1.90,0.54,0.00,1.37,0.63,2.78,3.22,0.00,Matches
106,Tom Davies\Tom-Davies,eng ENG,MF,Everton,20,1998,10.9,2.48,1.19,0.92,1.19,0.37,0.64,2.02,31.8,1.38,21.2,4.95,23.4,5.41,11.6,4.22,1.19,0.18,0.00,1.01,1.10,3.58,0.46,0.00,Matches
107,Steven Davis\Steven-Davis,nir NIR,MF,Southampton,33,1985,1.1,2.73,2.73,0.00,2.73,0.00,0.00,0.00,,0.00,5.45,0.91,16.7,0.91,4.55,0.00,3.64,0.00,0.00,3.64,0.91,3.64,3.64,0.00,Matches
108,Kevin De Bruyne\Kevin-De-Bruyne,be BEL,MF,Manchester City,27,1991,10.8,1.85,1.48,0.37,0.93,0.56,0.46,2.04,22.7,1.57,26.2,6.85,26.1,3.98,13.6,8.61,0.83,0.09,0.00,0.74,0.46,2.31,0.28,0.00,Matches
109,Troy Deeney\Troy-Deeney,eng ENG,FW,Watford,30,1988,28.3,0.99,0.67,0.25,0.39,0.35,0.18,1.02,17.2,0.85,23.8,5.41,22.7,2.47,12.3,9.08,1.27,0.35,0.00,0.92,0.35,1.34,1.06,0.00,Matches
110,Jermain Defoe\Jermain-Defoe,eng ENG,DFFW,Bournemouth,35,1982,0.3,0.00,0.00,0.00,0.00,0.00,0.00,0.00,,0.00,6.67,0.00,0.0,0.00,3.33,3.33,0.00,0.00,0.00,0.00,0.00,0.00,0.00,0.00,Matches
111,Steven Defour\Steven-Defour,be BEL,MF,Burnley,30,1988,5.0,1.60,0.80,0.80,0.40,0.40,0.40,1.60,25.0,1.20,24.0,3.00,12.5,9.00,11.4,3.60,1.80,0.40,0.00,1.40,1.40,3.00,1.60,0.00,Matches
112,Fabian Delph\Fabian-Delph,eng ENG,DF,Manchester City,28,1989,8.1,2.22,0.86,1.36,0.37,0.49,0.12,1.73,7.1,1.60,12.0,2.84,23.7,5.19,5.06,1.73,0.37,0.00,0.00,0.37,1.23,3.46,2.47,0.25,Matches
113,Mousa Dembélé\Mousa-Dembele,be BEL,MF,Tottenham,31,1987,5.7,2.63,1.58,1.40,0.88,0.35,0.70,1.58,44.4,0.88,23.5,8.77,37.3,9.12,11.9,2.46,1.05,0.18,0.00,0.88,1.23,3.86,0.88,0.00,Matches
114,Leander Dendoncker\Leander-Dendoncker,be BEL,MF,Wolves,23,1995,16.3,2.88,2.15,1.29,1.35,0.25,0.80,3.07,26.0,2.27,31.8,8.71,27.4,13.0,15.5,3.31,2.76,0.37,0.00,2.39,0.98,3.87,1.78,0.00,Matches
115,Laurent Depoitre\Laurent-Depoitre,be BEL,FW,Huddersfield,29,1988,11.9,0.76,0.76,0.17,0.34,0.25,0.08,0.59,14.3,0.50,20.3,3.78,18.7,2.44,8.99,8.82,1.18,0.17,0.00,1.01,0.50,1.26,0.67,0.00,Matches
116,Gerard Deulofeu\Gerard-Deulofeu,es ESP,FW,Watford,24,1994,23.0,0.43,0.35,0.13,0.26,0.04,0.17,1.04,16.7,0.87,22.1,5.57,25.2,4.00,9.78,8.30,0.74,0.00,0.00,0.74,0.78,1.22,0.26,0.00,Matches
117,Fousseni Diabaté\Fousseni-Diabate,ml MLI,FW,Leicester City,22,1995,0.6,5.00,5.00,5.00,0.00,0.00,0.00,1.67,0.0,1.67,28.3,15.0,52.9,13.3,11.7,3.33,1.67,0.00,0.00,1.67,1.67,6.67,0.00,0.00,Matches
118,Adama Diakhaby\Adama-Diakhaby,fr FRA,FWMF,Huddersfield,22,1996,6.1,0.66,0.49,0.49,0.16,0.00,0.16,1.97,8.3,1.80,20.5,3.77,18.4,7.21,8.03,5.25,1.31,0.00,0.00,1.31,0.16,0.82,0.00,0.00,Matches
119,Mohamed Diamé\Mohamed-Diame,sn SEN,MF,Newcastle Utd,31,1987,24.1,2.99,1.99,1.33,1.58,0.08,0.66,2.66,25.0,1.99,28.8,6.89,23.9,10.9,15.6,2.37,2.07,0.41,0.00,1.66,1.29,4.27,1.62,0.00,Matches
120,Grady Diangana\Grady-Diangana,eng ENG,FWMF,West Ham,20,1998,6.8,3.09,1.47,1.03,0.88,1.18,1.18,2.06,57.1,0.88,31.2,7.79,25.0,10.6,14.1,6.47,1.62,0.00,0.00,1.62,0.00,3.09,0.44,0.00,Matches
121,Eric Dier\Eric-Dier,eng ENG,MF,Tottenham,24,1994,16.7,1.50,0.72,0.48,0.72,0.30,0.42,1.86,22.6,1.44,15.8,4.61,29.2,5.27,9.10,1.44,1.98,0.60,0.00,1.38,0.42,1.92,2.57,0.00,Matches
122,Lucas Digne\Lucas-Digne,fr FRA,DF,Everton,25,1993,32.9,2.55,1.37,1.43,0.82,0.30,0.64,1.37,46.7,0.73,15.3,4.80,31.3,8.36,4.35,2.61,2.25,0.27,0.00,1.98,1.37,3.92,3.59,0.00,Matches
123,Virgil van Dijk\Virgil-van-Dijk,nl NED,DF,Liverpool,27,1991,37.6,0.93,0.66,0.72,0.21,0.00,0.35,0.37,92.9,0.03,4.39,1.46,33.3,2.61,1.60,0.19,1.14,0.53,0.00,0.61,0.82,1.76,6.04,0.00,Matches
124,Issa Diop\Issa-Diop,fr FRA,DF,West Ham,21,1997,33.0,2.03,1.03,1.52,0.52,0.00,0.70,1.48,46.9,0.79,8.03,2.42,30.2,5.42,2.45,0.15,2.45,1.15,0.00,1.30,1.45,3.48,4.94,0.06,Matches
125,Matt Doherty\Matt-Doherty,ie IRL,DFMF,Wolves,26,1992,34.9,1.95,0.95,1.43,0.46,0.06,0.97,1.81,54.0,0.83,13.1,3.09,23.6,6.70,4.87,1.52,2.29,0.23,0.00,2.06,0.92,2.87,2.81,0.00,Matches
126,Abdoulaye Doucouré\Abdoulaye-Doucoure,fr FRA,MF,Watford,25,1993,34.0,2.09,1.41,0.97,0.85,0.26,0.44,1.53,28.8,1.09,21.5,5.82,27.1,7.50,10.4,3.65,1.03,0.21,0.00,0.82,1.06,3.15,1.26,0.09,Matches
127,Luke Dreher\Luke-Dreher,eng ENG,MF,Crystal Palace,19,1998,0.0,0,0,0,0,0,0,0,,0,1,0,0.0,1,0,0,0,0,0,0,0,0,0,0,Matches
128,Martin Dúbravka\Martin-Dubravka,sk SVK,GK,Newcastle Utd,29,1989,38.0,0.00,0.00,0.00,0.00,0.00,0.00,0.08,0.0,0.08,0.08,0.00,0.0,0.08,0.00,0.00,0.00,0.00,0.00,0.00,0.00,0.00,0.13,0.08,Matches
129,Shane Duffy\Shane-Duffy,ie IRL,DF,Brighton,26,1992,34.3,0.93,0.58,0.64,0.17,0.12,0.32,0.67,47.8,0.35,4.55,1.37,30.1,3.21,0.93,0.41,2.07,1.43,0.06,0.64,0.55,1.49,8.80,0.06,Matches
130,Demeaco Duhaney\Demeaco-Duhaney,eng ENG,DF,Huddersfield,19,1998,0.5,4.00,2.00,4.00,0.00,0.00,2.00,4.00,50.0,2.00,40.0,12.0,30.0,20.0,14.0,6.00,10.0,0.00,0.00,10.0,0.00,4.00,0.00,0.00,Matches
131,Paul Dummett\Paul-Dummett,wal WAL,DF,Newcastle Utd,26,1991,22.1,1.72,0.72,1.18,0.50,0.05,0.86,1.90,45.2,1.04,12.5,2.81,22.4,8.69,3.44,0.41,2.08,0.59,0.05,1.49,1.27,2.99,5.84,0.05,Matches
132,Lewis Dunk\Lewis-Dunk,eng ENG,DF,Brighton,26,1991,35.0,1.31,0.91,0.89,0.40,0.03,0.31,0.94,33.3,0.63,6.46,2.14,33.2,4.54,1.57,0.34,1.89,1.23,0.00,0.66,0.91,2.23,6.43,0.00,Matches
133,Erik Durm\Erik-Durm,de GER,DF,Huddersfield,26,1992,22.8,2.11,1.23,1.23,0.66,0.22,0.70,1.62,43.2,0.92,16.7,4.30,25.8,7.89,6.67,2.11,1.58,0.26,0.00,1.32,1.23,3.33,2.19,0.00,Matches
134,Bruno Ecuele Manga\Bruno-Ecuele-Manga,ga GAB,DF,Cardiff City,30,1988,37.5,1.81,1.15,1.33,0.32,0.16,0.77,1.57,49.2,0.80,14.9,4.56,30.7,9.31,5.12,0.43,2.29,0.77,0.00,1.52,1.39,3.20,4.32,0.11,Matches
135,Ederson\Ederson,br BRA,GK,Manchester City,24,1993,38.0,0.03,0.03,0.00,0.03,0.00,0.03,0.03,100.0,0.00,0.00,0.00,,0.00,0.00,0.00,0.00,0.00,0.00,0.00,0.00,0.03,0.03,0.03,Matches
136,Harvey Elliot\Harvey-Elliot,eng ENG,MF,Fulham,15,2003,0.2,5.00,0.00,0.00,5.00,0.00,5.00,5.00,100.0,0.00,15.0,5.00,33.3,0.00,15.0,0.00,0.00,0.00,0.00,0.00,0.00,5.00,0.00,0.00,Matches
137,Mohamed Elneny\Mohamed-Elneny,eg EGY,MF,Arsenal,26,1992,4.2,2.38,1.19,1.43,0.48,0.48,0.48,0.95,50.0,0.48,20.5,5.71,27.9,9.52,8.57,2.38,1.19,0.48,0.00,0.71,0.00,2.38,1.90,0.00,Matches
138,Mohamed Elyounoussi\Mohamed-Elyounoussi,no NOR,MFFW,Southampton,23,1994,8.8,2.05,1.25,1.02,0.68,0.34,0.34,1.59,21.4,1.25,29.1,6.48,22.3,10.1,12.0,6.93,1.48,0.11,0.00,1.36,0.45,2.50,0.45,0.00,Matches
139,Christian Eriksen\Christian-Eriksen,dk DEN,MFFW,Tottenham,26,1992,30.8,1.33,0.88,0.29,0.55,0.49,0.42,1.66,25.5,1.23,21.9,6.14,28.1,5.52,10.4,5.91,1.43,0.13,0.00,1.30,0.36,1.69,0.26,0.00,Matches
140,Neil Etheridge\Neil-Etheridge,ph PHI,GK,Cardiff City,28,1990,38.0,0.00,0.00,0.00,0.00,0.00,0.00,0.03,0.0,0.03,0.05,0.00,0.0,0.03,0.00,0.03,0.00,0.00,0.00,0.00,0.00,0.00,0.00,0.00,Matches
141,Jonny Evans\Jonny-Evans,nir NIR,DF,Leicester City,30,1988,22.2,1.08,0.77,0.77,0.32,0.00,0.27,0.63,42.9,0.36,9.14,3.51,38.4,6.17,2.48,0.50,1.62,0.41,0.00,1.22,1.89,2.97,6.94,0.09,Matches
142,Łukasz Fabiański\Lukasz-Fabianski,pl POL,GK,West Ham,33,1985,38.0,0.00,0.00,0.00,0.00,0.00,0.00,0.05,0.0,0.05,0.05,0.00,0.0,0.05,0.00,0.00,0.00,0.00,0.00,0.00,0.00,0.00,0.08,0.00,Matches
143,Fabinho\Fabinho,br BRA,MF,Liverpool,24,1993,22.4,2.68,1.52,0.98,1.34,0.36,0.76,2.46,30.9,1.70,20.0,5.85,29.3,5.80,11.3,2.86,1.79,0.27,0.00,1.52,0.98,3.66,2.05,0.00,Matches
144,Cesc Fàbregas\Cesc-Fabregas,es ESP,MF,Chelsea,31,1987,2.0,5.00,4.50,3.50,1.50,0.00,1.00,2.00,50.0,1.00,15.0,5.50,36.7,7.50,6.50,1.00,1.00,0.50,0.00,0.50,1.00,6.00,0.50,0.00,Matches
145,Fabricio\Fabricio,es ESP,GK,Fulham,30,1987,2.0,0.00,0.00,0.00,0.00,0.00,0.00,0.00,,0.00,0.00,0.00,,0.00,0.00,0.00,0.00,0.00,0.00,0.00,0.00,0.00,0.00,0.00,Matches
146,Marouane Fellaini\Marouane-Fellaini,be BEL,MF,Manchester Utd,30,1987,8.4,2.74,1.79,1.55,0.95,0.24,0.95,2.26,42.1,1.31,19.0,4.29,22.5,7.86,8.45,2.74,1.55,0.71,0.00,0.83,0.48,3.21,3.33,0.00,Matches
147,Kiko Femenía\Kiko-Femenia,es ESP,DF,Watford,27,1991,22.8,2.32,1.32,1.71,0.53,0.09,1.36,2.98,45.6,1.62,14.2,3.82,26.9,8.46,4.65,1.05,1.62,0.22,0.00,1.40,1.36,3.68,2.98,0.04,Matches
148,Federico Fernández\Federico-Fernandez,ar ARG,DF,Newcastle Utd,29,1989,16.5,1.33,0.97,1.27,0.06,0.00,0.67,1.45,45.8,0.79,6.30,1.94,30.8,4.67,1.27,0.36,1.94,0.61,0.00,1.33,1.64,2.97,6.30,0.00,Matches
149,Fernandinho\Fernandinho,br BRA,MF,Manchester City,33,1985,26.4,2.23,1.89,0.80,1.17,0.27,0.80,1.36,58.3,0.57,13.4,4.24,31.6,4.02,7.77,1.63,1.33,0.23,0.00,1.10,1.14,3.37,2.92,0.04,Matches
150,Roberto Firmino\Roberto-Firmino,br BRA,FWMF,Liverpool,26,1991,29.0,1.14,1.00,0.17,0.59,0.38,0.17,1.24,13.9,1.07,25.3,7.24,28.6,2.59,11.9,10.8,1.38,0.10,0.00,1.28,0.31,1.45,0.48,0.03,Matches
151,Phil Foden\Phil-Foden,eng ENG,MF,Manchester City,18,2000,3.7,1.89,1.89,0.27,0.54,1.08,0.00,2.43,0.0,2.43,31.6,8.92,28.2,2.97,13.0,15.7,1.08,0.00,0.00,1.08,0.54,2.43,0.27,0.00,Matches
152,Fraser Forster\Fraser-Forster,eng ENG,GK,Southampton,30,1988,1.0,0.00,0.00,0.00,0.00,0.00,0.00,0.00,,0.00,0.00,0.00,,0.00,0.00,0.00,0.00,0.00,0.00,0.00,0.00,0.00,0.00,1.00,Matches
153,Ben Foster\Ben-Foster,eng ENG,GK,Watford,35,1983,38.0,0.00,0.00,0.00,0.00,0.00,0.00,0.16,0.0,0.16,0.16,0.08,50.0,0.16,0.00,0.00,0.00,0.00,0.00,0.00,0.00,0.00,0.16,0.03,Matches
154,Timothy Fosu-Mensah\Timothy-Fosu-Mensah,nl NED,DF,Fulham,20,1998,8.8,2.05,0.80,1.70,0.34,0.00,0.45,0.80,57.1,0.34,13.4,4.09,30.5,9.43,2.61,1.36,2.05,0.68,0.11,1.36,0.91,2.95,2.05,0.00,Matches
155,Juan Foyth\Juan-Foyth,ar ARG,DF,Tottenham,20,1998,9.9,3.74,2.12,2.93,0.81,0.00,1.11,1.72,64.7,0.61,9.60,3.33,34.7,6.36,3.13,0.10,2.12,0.61,0.00,1.52,1.01,4.75,4.75,0.10,Matches
156,Simon Francis\Simon-Francis,eng ENG,DF,Bournemouth,33,1985,13.7,1.61,0.95,1.09,0.51,0.00,0.36,1.46,25.0,1.09,10.7,2.70,25.2,6.57,3.28,0.88,1.97,0.58,0.00,1.39,1.31,2.92,4.16,0.00,Matches
157,Ryan Fraser\Ryan-Fraser,sco SCO,MFFW,Bournemouth,24,1994,35.2,0.40,0.17,0.20,0.20,0.00,0.17,0.97,17.6,0.80,13.9,2.41,17.3,4.69,6.51,2.73,1.16,0.17,0.03,0.99,0.37,0.77,0.63,0.00,Matches
158,Fred\Fred,br BRA,MF,Manchester Utd,25,1993,11.6,3.19,2.16,1.29,1.72,0.17,0.69,2.50,27.6,1.81,29.3,7.76,26.5,9.31,16.8,3.19,2.76,0.17,0.00,2.59,1.29,4.48,0.52,0.09,Matches
159,Ryan Fredericks\Ryan-Fredericks,eng ENG,DF,West Ham,25,1992,12.1,2.56,1.40,2.23,0.33,0.00,1.32,2.48,53.3,1.16,14.0,3.06,21.8,10.0,3.31,0.74,2.56,0.33,0.08,2.23,0.58,3.14,4.63,0.00,Matches
160,Christian Fuchs\Christian-Fuchs,at AUT,DF,Leicester City,32,1986,2.3,1.74,0.87,0.43,0.87,0.43,0.43,0.43,100.0,0.00,19.1,7.83,40.9,10.4,6.96,1.74,1.74,0.43,0.00,1.30,1.30,3.04,3.04,0.00,Matches
161,Manolo Gabbiadini\Manolo-Gabbiadini,it ITA,FWMF,Southampton,26,1991,5.3,0.94,0.38,0.19,0.75,0.00,0.19,0.75,25.0,0.57,14.9,3.40,22.8,3.02,6.79,5.09,1.13,0.00,0.00,1.13,0.75,1.70,0.94,0.00,Matches
162,Sam Gallagher\Sam-Gallagher,eng ENG,FW,Southampton,22,1995,0.4,0.00,0.00,0.00,0.00,0.00,0.00,0.00,,0.00,22.5,0.00,0.0,5.00,12.5,5.00,5.00,0.00,0.00,5.00,0.00,0.00,2.50,0.00,Matches
163,Idrissa Gana Gueye\Idrissa-Gana-Gueye,sn SEN,MF,Everton,28,1989,31.4,4.30,3.09,2.32,1.88,0.10,0.96,2.48,38.5,1.53,25.3,8.03,31.7,10.8,12.2,2.26,1.85,0.32,0.00,1.53,1.69,5.99,1.59,0.03,Matches
164,James Garner\James-Garner,eng ENG,MF,Manchester Utd,17,2001,0.0,0,0,0,0,0,0,0,,0,1,1,100.0,1,0,0,0,0,0,0,0,0,0,0,Matches
165,Paulo Gazzaniga\Paulo-Gazzaniga,ar ARG,GK,Tottenham,26,1992,3.0,0.00,0.00,0.00,0.00,0.00,0.00,0.00,,0.00,0.00,0.00,,0.00,0.00,0.00,0.00,0.00,0.00,0.00,0.00,0.00,0.00,0.00,Matches
166,David de Gea\David-de-Gea,es ESP,GK,Manchester Utd,27,1990,38.0,0.03,0.03,0.03,0.00,0.00,0.00,0.05,0.0,0.05,0.03,0.00,0.0,0.03,0.00,0.00,0.03,0.00,0.00,0.03,0.00,0.03,0.05,0.03,Matches
167,Rachid Ghezzal\Rachid-Ghezzal,dz ALG,FWMF,Leicester City,26,1992,8.3,1.57,1.08,0.72,0.48,0.36,0.36,2.29,15.8,1.93,26.6,6.75,25.3,6.63,13.3,6.75,1.33,0.24,0.00,1.08,1.08,2.65,0.60,0.00,Matches
168,Morgan Gibbs-White\Morgan-Gibbs-White,eng ENG,MFFW,Wolves,18,2000,7.4,0.68,0.27,0.41,0.27,0.00,0.00,0.54,0.0,0.54,24.6,5.95,24.2,5.95,13.0,5.68,0.68,0.00,0.00,0.68,0.14,0.81,0.41,0.00,Matches
169,Ben Gibson\Ben-Gibson,eng ENG,DF,Burnley,25,1993,0.7,2.86,2.86,2.86,0.00,0.00,0.00,0.00,,0.00,15.7,10.0,63.6,5.71,7.14,2.86,1.43,1.43,0.00,0.00,0.00,2.86,4.29,0.00,Matches
170,Olivier Giroud\Olivier-Giroud,fr FRA,FW,Chelsea,31,1986,9.4,0.43,0.21,0.00,0.11,0.32,0.32,0.53,60.0,0.21,21.3,6.06,28.5,0.53,8.72,12.0,0.64,0.11,0.00,0.53,0.32,0.74,0.43,0.00,Matches
171,André Gomes\Andre-Gomes,pt POR,MF,Everton,25,1993,22.0,1.95,1.45,1.00,0.82,0.14,0.27,2.55,10.7,2.27,23.5,7.18,30.5,7.41,13.4,2.77,1.45,0.14,0.00,1.32,0.95,2.91,0.95,0.00,Matches
172,Angel Gomes\Angel-Gomes,eng ENG,MFFW,Manchester Utd,17,2000,0.3,3.33,0.00,0.00,0.00,3.33,0.00,0.00,,0.00,26.7,10.0,37.5,0.00,20.0,6.67,0.00,0.00,0.00,0.00,0.00,3.33,0.00,0.00,Matches
173,Joe Gomez\Joe-Gomez,eng ENG,DF,Liverpool,21,1997,11.8,1.36,0.93,0.68,0.68,0.00,0.42,0.93,45.5,0.51,9.83,2.80,28.4,5.93,3.47,0.42,1.19,0.59,0.08,0.59,1.44,2.80,2.80,0.08,Matches
174,Jon Gorenc Stanković\Jon-Gorenc-Stankovic,si SVN,MFDF,Huddersfield,22,1996,7.9,3.16,1.90,2.03,0.89,0.25,1.27,2.41,52.6,1.14,19.1,5.06,26.5,12.2,5.95,1.01,2.53,1.01,0.00,1.52,0.51,3.67,4.56,0.13,Matches
175,Dan Gosling\Dan-Gosling,eng ENG,MF,Bournemouth,28,1990,19.3,2.33,1.30,1.04,0.83,0.47,0.78,2.54,30.6,1.76,28.0,6.53,23.3,10.3,14.4,3.32,1.92,0.41,0.00,1.50,0.88,3.21,1.97,0.05,Matches
176,Karlan Grant\Karlan-Grant,eng ENG,FWMF,Huddersfield,20,1997,9.7,0.21,0.10,0.10,0.10,0.00,0.10,0.31,33.3,0.21,16.5,4.02,24.4,1.34,8.35,6.80,0.93,0.00,0.00,0.93,0.31,0.52,0.21,0.00,Matches
177,Andre Gray\Andre-Gray,eng ENG,FW,Watford,27,1991,15.2,0.20,0.20,0.00,0.13,0.07,0.00,0.26,0.0,0.26,12.4,2.76,22.2,0.99,6.18,5.26,0.33,0.00,0.00,0.33,0.20,0.39,0.20,0.00,Matches
178,Demarai Gray\Demarai-Gray,eng ENG,FWMF,Leicester City,22,1996,22.1,0.86,0.59,0.36,0.27,0.23,0.00,0.72,0.0,0.72,18.5,5.38,29.2,4.52,8.42,5.52,1.18,0.00,0.00,1.18,0.54,1.40,0.54,0.00,Matches
179,Mason Greenwood\Mason-Greenwood,eng ENG,FW,Manchester Utd,16,2001,1.3,2.31,0.77,1.54,0.00,0.77,0.77,2.31,33.3,1.54,16.9,5.38,31.8,4.62,9.23,3.08,1.54,0.77,0.00,0.77,0.00,2.31,0.77,0.00,Matches
180,Pascal Groß\Pascal-Gross,de GER,MF,Brighton,27,1991,20.7,1.16,0.72,0.48,0.58,0.10,0.34,1.79,18.9,1.45,30.1,4.98,16.5,7.34,16.5,6.23,1.59,0.48,0.00,1.11,0.43,1.59,1.06,0.00,Matches
181,Vicente Guaita\Vicente-Guaita,es ESP,GK,Crystal Palace,31,1987,19.5,0.00,0.00,0.00,0.00,0.00,0.00,0.00,,0.00,0.00,0.00,,0.00,0.00,0.00,0.05,0.00,0.00,0.05,0.00,0.00,0.10,0.05,Matches
182,Mattéo Guendouzi\Matteo-Guendouzi,fr FRA,MF,Arsenal,19,1999,23.9,1.51,1.05,0.54,0.88,0.08,0.67,2.55,26.2,1.88,20.0,5.44,27.2,6.19,11.0,2.76,1.55,0.21,0.00,1.34,1.09,2.59,1.17,0.04,Matches
183,İlkay Gündoğan\Ilkay-Gundogan,de GER,MF,Manchester City,27,1990,23.7,0.72,0.42,0.08,0.59,0.04,0.25,1.56,16.2,1.31,13.8,3.59,26.1,3.00,7.43,3.33,1.27,0.17,0.00,1.10,0.89,1.60,0.97,0.00,Matches
184,Angus Gunn\Angus-Gunn,eng ENG,GK,Southampton,22,1996,12.0,0.00,0.00,0.00,0.00,0.00,0.00,0.00,,0.00,0.00,0.00,,0.00,0.00,0.00,0.00,0.00,0.00,0.00,0.00,0.00,0.08,0.08,Matches
185,Aron Gunnarsson\Aron-Gunnarsson,is ISL,MF,Cardiff City,29,1989,25.2,2.50,1.90,1.15,1.23,0.12,0.67,3.13,21.5,2.46,21.5,5.60,26.0,9.09,11.6,0.83,1.94,0.56,0.00,1.39,1.35,3.85,1.87,0.04,Matches
186,Florent Hadergjonaj\Florent-Hadergjonaj,xk KVX,DFMF,Huddersfield,24,1994,20.5,1.46,0.54,0.59,0.73,0.15,0.39,1.80,21.6,1.41,18.6,5.66,30.4,8.59,7.56,2.44,2.24,0.29,0.00,1.95,0.83,2.29,1.46,0.10,Matches
187,Ben Hamer\Ben-Hamer,eng ENG,GK,Huddersfield,30,1987,6.1,0.00,0.00,0.00,0.00,0.00,0.00,0.49,0.0,0.49,0.00,0.00,,0.00,0.00,0.00,0.00,0.00,0.00,0.00,0.00,0.00,0.00,0.00,Matches
188,Kadeem Harris\Kadeem-Harris,eng ENG,MFFW,Cardiff City,25,1993,4.2,1.67,0.48,1.43,0.24,0.00,0.48,0.71,66.7,0.24,16.0,3.57,22.4,5.00,6.19,4.76,0.71,0.00,0.00,0.71,0.24,1.90,0.71,0.00,Matches
189,Joe Hart\Joe-Hart,eng ENG,GK,Burnley,31,1987,19.0,0.00,0.00,0.00,0.00,0.00,0.00,0.05,0.0,0.05,0.05,0.00,0.0,0.05,0.00,0.00,0.00,0.00,0.00,0.00,0.00,0.00,0.00,0.00,Matches
190,Isaac Hayden\Isaac-Hayden,eng ENG,MF,Newcastle Utd,23,1995,20.7,3.19,2.08,0.82,2.03,0.34,0.68,2.03,33.3,1.35,24.1,6.76,28.1,6.43,14.7,2.95,2.22,0.29,0.00,1.93,1.64,4.83,2.03,0.05,Matches
191,Eden Hazard\Eden-Hazard,be BEL,FW,Chelsea,27,1991,32.5,0.25,0.18,0.03,0.00,0.22,0.09,0.52,17.6,0.43,12.5,3.14,25.1,2.06,4.40,6.06,0.43,0.00,0.00,0.43,0.40,0.65,0.03,0.00,Matches
192,Rhys Healey\Rhys-Healey,wal WAL,FWMF,Cardiff City,23,1994,0.6,1.67,0.00,0.00,1.67,0.00,0.00,0.00,,0.00,26.7,11.7,43.8,3.33,18.3,5.00,0.00,0.00,0.00,0.00,0.00,1.67,0.00,0.00,Matches
193,Tom Heaton\Tom-Heaton,eng ENG,GK,Burnley,32,1986,19.0,0.00,0.00,0.00,0.00,0.00,0.00,0.16,0.0,0.16,0.11,0.00,0.0,0.11,0.00,0.00,0.00,0.00,0.00,0.00,0.00,0.00,0.05,0.05,Matches
194,Jordan Henderson\Jordan-Henderson,eng ENG,MF,Liverpool,28,1990,22.1,1.99,1.67,0.72,1.13,0.14,0.50,1.67,29.7,1.18,21.7,5.97,27.5,7.19,11.0,3.48,1.90,0.14,0.00,1.76,1.00,2.99,1.00,0.00,Matches
195,Jeff Hendrick\Jeff-Hendrick,ie IRL,MFFW,Burnley,26,1992,22.9,1.57,1.09,0.74,0.57,0.26,0.61,1.70,35.9,1.09,22.4,4.15,18.5,5.46,10.8,6.16,1.27,0.13,0.04,1.14,0.66,2.23,1.14,0.00,Matches
196,Wayne Hennessey\Wayne-Hennessey,wal WAL,GK,Crystal Palace,31,1987,17.5,0.00,0.00,0.00,0.00,0.00,0.00,0.11,0.0,0.11,0.06,0.00,0.0,0.06,0.00,0.00,0.00,0.00,0.00,0.00,0.00,0.00,0.00,0.00,Matches
197,Javier Hernández\Javier-Hernandez,mx MEX,FW,West Ham,30,1988,14.8,0.20,0.14,0.07,0.14,0.00,0.07,0.34,20.0,0.27,12.6,3.18,25.3,0.07,7.16,5.34,0.34,0.07,0.00,0.27,0.34,0.54,0.54,0.00,Matches
198,Ander Herrera\Ander-Herrera,es ESP,MF,Manchester Utd,28,1989,15.6,3.46,2.37,1.73,1.15,0.58,0.83,3.91,21.3,3.08,31.9,8.08,25.3,13.1,14.6,4.29,2.44,0.32,0.00,2.12,2.31,5.77,1.54,0.00,Matches
199,Son Heung-min\Son-Heung-min,kr KOR,FWMF,Tottenham,26,1992,22.7,0.79,0.31,0.22,0.40,0.18,0.18,1.23,14.3,1.06,20.7,5.24,25.3,2.20,10.0,8.55,1.19,0.09,0.00,1.10,0.48,1.28,0.22,0.00,Matches
200,Gonzalo Higuaín\Gonzalo-Higuain,ar ARG,FW,Chelsea,30,1987,12.1,0.50,0.41,0.08,0.33,0.08,0.08,0.50,16.7,0.41,16.2,3.64,22.4,0.66,5.54,10.0,0.50,0.00,0.00,0.50,0.00,0.50,0.33,0.00,Matches
201,Wesley Hoedt\Wesley-Hoedt,nl NED,DF,Southampton,24,1994,13.0,2.00,0.85,1.69,0.31,0.00,0.85,1.77,47.8,0.92,5.85,2.00,34.2,4.62,1.15,0.08,1.77,0.92,0.00,0.85,1.15,3.15,4.77,0.00,Matches
202,Jonathan Hogg\Jonathan-Hogg,eng ENG,MF,Huddersfield,29,1988,26.3,3.16,2.28,0.76,1.94,0.46,0.76,2.74,27.8,1.98,29.5,7.83,26.5,9.62,15.9,4.03,2.17,0.27,0.04,1.90,2.21,5.36,0.87,0.00,Matches
203,Junior Hoilett\Junior-Hoilett,ca CAN,FWMF,Cardiff City,28,1990,23.8,1.76,1.01,1.01,0.46,0.29,0.38,2.02,18.8,1.64,18.3,4.33,23.6,7.52,7.31,3.49,1.76,0.00,0.00,1.76,0.92,2.69,0.92,0.00,Matches
204,Rob Holding\Rob-Holding,eng ENG,DF,Arsenal,22,1995,9.0,1.56,1.11,1.11,0.44,0.00,0.33,1.00,33.3,0.67,4.56,1.44,31.7,3.11,1.33,0.11,2.11,1.22,0.00,0.89,0.89,2.44,3.56,0.00,Matches
205,José Holebas\Jose-Holebas,gr GRE,DF,Watford,34,1984,26.6,2.56,1.69,1.73,0.68,0.15,0.98,1.77,55.3,0.79,16.1,5.00,31.1,9.47,5.38,1.20,1.80,0.23,0.00,1.58,0.79,3.35,3.08,0.00,Matches
206,Mason Holgate\Mason-Holgate,eng ENG,DF,Everton,21,1996,4.5,1.11,0.44,1.11,0.00,0.00,0.00,0.44,0.0,0.44,9.33,3.56,38.1,6.22,3.11,0.00,1.11,0.67,0.00,0.44,0.44,1.56,4.22,0.00,Matches
207,Callum Hudson-Odoi\Callum-Hudson-Odoi,eng ENG,FW,Chelsea,17,2000,4.4,1.82,1.36,1.36,0.23,0.23,0.00,0.68,0.0,0.68,18.6,5.23,28.0,7.50,8.41,2.73,0.45,0.00,0.00,0.45,0.68,2.50,0.00,0.00,Matches
208,Will Hughes\Will-Hughes,eng ENG,MFFW,Watford,23,1995,26.9,2.64,1.56,0.97,1.19,0.48,0.93,2.71,34.2,1.78,28.8,7.32,25.4,8.25,14.3,6.21,2.64,0.22,0.00,2.42,0.82,3.46,0.97,0.00,Matches
209,Emerson Hyndman\Emerson-Hyndman,us USA,MF,Bournemouth,22,1996,0.4,10.0,5.00,10.0,0.00,0.00,2.50,10.0,25.0,7.50,52.5,15.0,28.6,40.0,12.5,0.00,2.50,0.00,0.00,2.50,0.00,10.0,0.00,0.00,Matches
210,Pierre Højbjerg\Pierre-Hojbjerg,dk DEN,MF,Southampton,22,1995,30.7,2.61,2.08,0.88,1.50,0.23,0.59,2.44,24.0,1.86,24.6,6.97,28.4,8.11,13.0,3.42,1.95,0.23,0.00,1.73,1.89,4.50,0.98,0.03,Matches
211,Jordon Ibe\Jordon-Ibe,eng ENG,MFFW,Bournemouth,22,1995,8.9,0.45,0.34,0.11,0.34,0.00,0.11,0.56,20.0,0.45,20.9,4.38,21.0,5.28,9.78,5.84,0.34,0.00,0.00,0.34,0.00,0.45,0.56,0.00,Matches
212,Vicente Iborra\Vicente-Iborra,es ESP,MF,Leicester City,30,1988,2.5,2.00,1.60,0.80,1.20,0.00,0.00,1.60,0.0,1.60,13.2,2.40,18.2,6.00,5.60,1.60,1.20,0.00,0.00,1.20,2.00,4.00,1.60,0.00,Matches
213,Kelechi Iheanacho\Kelechi-Iheanacho,ng NGA,FWMF,Leicester City,21,1996,10.5,0.76,0.57,0.48,0.19,0.10,0.00,0.29,0.0,0.29,18.9,4.29,22.7,1.71,10.4,6.76,0.57,0.00,0.00,0.57,0.00,0.76,0.19,0.00,Matches
214,Danny Ings\Danny-Ings,eng ENG,FW,Southampton,26,1992,18.3,1.42,0.87,0.44,0.55,0.44,0.27,1.26,21.7,0.98,24.2,6.94,28.7,2.51,11.8,9.89,1.09,0.11,0.00,0.98,0.60,2.02,0.44,0.05,Matches
215,Alex Iwobi\Alex-Iwobi,ng NGA,FWMF,Arsenal,22,1996,21.9,1.05,0.78,0.55,0.46,0.05,0.32,1.46,21.9,1.14,19.1,5.02,26.3,5.39,9.13,4.57,1.23,0.05,0.00,1.19,0.59,1.64,0.18,0.00,Matches
216,José Izquierdo\Jose-Izquierdo,co COL,MFFW,Brighton,26,1992,8.8,2.05,0.91,1.36,0.45,0.23,0.45,1.36,33.3,0.91,16.9,3.41,20.1,8.07,5.11,3.75,1.14,0.11,0.00,1.02,0.57,2.61,1.02,0.00,Matches
217,Phil Jagielka\Phil-Jagielka,eng ENG,DFMF,Everton,35,1982,3.7,2.16,1.35,1.35,0.81,0.00,0.27,0.54,50.0,0.27,11.4,3.51,31.0,7.84,3.24,0.27,1.89,0.27,0.00,1.62,0.27,2.43,6.22,0.00,Matches
218,Alireza Jahanbakhsh\Alireza-Jahanbakhsh,ir IRN,FWMF,Brighton,24,1993,11.3,3.45,2.12,2.12,0.97,0.35,0.80,2.83,28.1,2.04,19.0,4.60,24.2,9.73,7.17,2.12,1.06,0.00,0.00,1.06,0.71,4.16,0.62,0.00,Matches
219,Daryl Janmaat\Daryl-Janmaat,nl NED,DF,Watford,29,1989,16.9,1.95,0.95,1.42,0.41,0.12,1.01,2.13,47.2,1.12,17.5,4.56,26.0,9.47,5.74,2.31,2.07,0.18,0.00,1.89,1.18,3.14,3.43,0.00,Matches
220,Vincent Janssen\Vincent-Janssen,nl NED,FW,Tottenham,24,1994,0.4,2.50,0.00,0.00,2.50,0.00,0.00,2.50,0.0,2.50,17.5,5.00,28.6,0.00,10.0,7.50,0.00,0.00,0.00,0.00,0.00,2.50,0.00,0.00,Matches
221,Carl Jenkinson\Carl-Jenkinson,eng ENG,DF,Arsenal,26,1992,1.8,2.22,1.67,0.56,0.56,1.11,0.00,0.00,,0.00,12.8,3.89,30.4,5.00,6.11,1.67,1.67,1.11,0.00,0.56,0.00,2.22,1.11,0.00,Matches
222,Gabriel Jesus\Gabriel-Jesus,br BRA,FW,Manchester City,21,1997,11.5,0.78,0.52,0.43,0.17,0.17,0.00,0.43,0.0,0.43,18.8,5.57,29.6,1.57,7.30,9.91,1.22,0.26,0.00,0.96,0.43,1.22,0.17,0.00,Matches
223,Raúl Jiménez\Raul-Jimenez,mx MEX,FW,Wolves,27,1991,34.6,0.75,0.49,0.09,0.35,0.32,0.23,0.66,34.8,0.43,18.2,4.34,23.8,1.71,9.22,7.31,0.66,0.06,0.00,0.61,0.64,1.39,1.16,0.00,Matches
224,Stefan Johansen\Stefan-Johansen,no NOR,MF,Fulham,27,1991,4.6,1.74,1.09,0.43,1.30,0.00,0.43,1.09,40.0,0.65,18.3,4.78,26.2,4.57,11.3,2.39,1.96,0.00,0.00,1.96,0.65,2.39,0.87,0.00,Matches
225,Ben Johnson\Ben-Johnson,eng ENG,DF,West Ham,18,2000,0.7,1.43,1.43,1.43,0.00,0.00,0.00,1.43,0.0,1.43,27.1,1.43,5.3,24.3,1.43,1.43,4.29,0.00,0.00,4.29,2.86,4.29,1.43,0.00,Matches
226,Tyreke Johnson\Tyreke-Johnson,eng ENG,FW,Southampton,19,1998,0.0,0,0,0,0,0,0,0,,0,1,0,0.0,0,1,0,0,0,0,0,0,0,0,0,Matches
227,Phil Jones\Phil-Jones,eng ENG,DF,Manchester Utd,26,1992,14.0,1.86,1.29,1.29,0.57,0.00,0.36,0.50,71.4,0.14,9.29,3.50,37.7,6.36,2.79,0.14,1.86,0.64,0.00,1.21,1.43,3.29,6.14,0.07,Matches
228,Jorginho\Jorginho,it ITA,MF,Chelsea,26,1991,35.1,2.14,1.57,0.83,1.05,0.26,0.91,2.76,33.0,1.85,19.3,6.13,31.7,6.55,9.57,3.22,1.57,0.23,0.00,1.34,1.23,3.36,0.80,0.00,Matches
229,Joselu\Joselu,es ESP,FW,Newcastle Utd,28,1990,6.6,1.52,1.06,0.45,0.61,0.45,0.76,1.82,41.7,1.06,21.5,4.09,19.0,2.12,8.48,10.9,1.06,0.00,0.00,1.06,0.15,1.67,2.12,0.00,Matches
230,Diogo Jota\Diogo-Jota,pt POR,FWMF,Wolves,21,1996,26.2,1.11,0.73,0.46,0.50,0.15,0.19,1.30,14.7,1.11,18.9,4.66,24.7,3.66,10.6,4.62,0.84,0.08,0.00,0.76,0.38,1.49,0.34,0.00,Matches
231,Mathias Jørgensen\Mathias-Jorgensen,dk DEN,DF,Huddersfield,28,1990,23.9,1.88,0.92,1.30,0.54,0.04,0.92,1.97,46.8,1.05,10.6,3.93,37.0,7.11,3.18,0.33,1.63,0.59,0.00,1.05,1.92,3.81,4.69,0.00,Matches
232,Christian Kabasele\Christian-Kabasele,be BEL,DF,Watford,27,1991,17.6,1.70,1.02,1.36,0.34,0.00,0.40,1.14,35.0,0.74,9.77,3.41,34.9,7.05,2.56,0.17,2.16,1.02,0.00,1.14,0.97,2.67,5.28,0.06,Matches
233,Elias Kachunga\Elias-Kachunga,cd COD,FWMF,Huddersfield,26,1992,13.1,1.68,0.69,0.76,0.69,0.23,0.69,1.91,36.0,1.22,26.0,5.34,20.6,8.17,12.0,5.80,1.15,0.00,0.00,1.15,0.61,2.29,0.99,0.00,Matches
234,Aboubakar Kamara\Aboubakar-Kamara,fr FRA,FWMF,Fulham,23,1995,7.7,1.30,1.04,0.39,0.91,0.00,0.39,1.17,33.3,0.78,26.1,6.10,23.4,7.40,11.3,7.40,1.56,0.00,0.00,1.56,0.26,1.56,0.65,0.00,Matches
235,Harry Kane\Harry-Kane,eng ENG,FW,Tottenham,25,1993,26.9,0.41,0.26,0.07,0.26,0.07,0.07,0.37,20.0,0.30,13.3,3.46,26.1,0.67,5.50,7.10,0.67,0.26,0.00,0.41,0.15,0.56,0.48,0.00,Matches
236,N'Golo Kanté\NGolo-Kante,fr FRA,MF,Chelsea,27,1991,34.4,2.27,1.77,0.70,1.19,0.38,0.58,1.77,32.8,1.19,26.1,8.31,31.8,6.60,12.5,7.03,2.09,0.23,0.00,1.86,1.25,3.52,0.76,0.00,Matches
237,Beram Kayal\Beram-Kayal,il ISR,MF,Brighton,30,1988,10.4,3.17,2.60,1.54,1.54,0.10,0.38,2.69,14.3,2.31,30.3,7.88,26.0,15.8,12.1,2.40,2.21,0.87,0.00,1.35,0.77,3.94,2.69,0.00,Matches
238,Michael Keane\Michael-Keane,eng ENG,DF,Everton,25,1993,33.0,1.12,0.82,0.76,0.30,0.06,0.39,0.94,41.9,0.55,7.06,2.36,33.5,4.36,2.55,0.15,1.61,0.73,0.03,0.88,1.03,2.15,6.73,0.09,Matches
239,Neeskens Kebano\Neeskens-Kebano,cd COD,FWMF,Fulham,26,1992,1.2,2.50,1.67,0.83,1.67,0.00,0.83,0.83,100.0,0.00,25.0,4.17,16.7,5.83,13.3,5.83,2.50,0.00,0.00,2.50,0.83,3.33,2.50,0.00,Matches
240,Naby Keïta\Naby-Keita,gn GUI,MF,Liverpool,23,1995,15.4,2.53,1.30,0.84,1.10,0.58,0.65,2.79,23.3,2.14,25.8,8.12,31.4,6.82,13.1,5.91,2.34,0.26,0.00,2.08,0.58,3.12,0.84,0.00,Matches
241,Martin Kelly\Martin-Kelly,eng ENG,DF,Crystal Palace,28,1990,12.3,1.71,1.14,1.46,0.24,0.00,0.98,1.46,66.7,0.49,8.21,2.52,30.7,6.26,1.79,0.16,2.03,1.22,0.00,0.81,0.81,2.52,8.37,0.24,Matches
242,Kenedy\Kenedy,br BRA,MFFW,Newcastle Utd,22,1996,15.0,2.20,1.53,0.80,1.20,0.20,0.60,2.07,29.0,1.47,18.9,5.73,30.4,5.60,9.60,3.67,2.07,0.00,0.00,2.07,1.47,3.67,1.33,0.00,Matches
243,Jonjoe Kenny\Jonjoe-Kenny,eng ENG,DF,Everton,21,1997,8.8,2.50,1.36,1.70,0.57,0.23,0.45,1.59,28.6,1.14,15.5,3.98,25.7,10.5,3.64,1.36,2.27,0.23,0.00,2.05,0.80,3.30,2.84,0.00,Matches
244,Max Kilman\Max-Kilman,eng ENG,DF,Wolves,21,1997,0.0,0,0,0,0,0,0,0,,0,0,0,,0,0,0,0,0,0,0,0,0,0,0,Matches
245,Joshua King\Joshua-King,no NOR,FW,Bournemouth,26,1992,32.9,0.97,0.76,0.21,0.58,0.18,0.21,0.76,28.0,0.55,24.7,4.80,19.5,3.04,13.4,8.18,1.37,0.15,0.00,1.22,0.21,1.19,0.36,0.00,Matches
246,Anthony Knockaert\Anthony-Knockaert,fr FRA,FWMF,Brighton,26,1991,20.4,1.37,0.83,0.54,0.64,0.20,0.54,1.81,29.7,1.27,21.6,4.71,21.8,8.04,10.1,3.43,1.18,0.05,0.00,1.13,0.98,2.35,0.49,0.00,Matches
247,Sead Kolašinac\Sead-Kolasinac,ba BIH,DF,Arsenal,25,1993,21.0,1.52,0.86,0.90,0.52,0.10,0.57,1.38,41.4,0.81,13.6,4.19,30.8,5.67,5.29,2.67,0.86,0.14,0.00,0.71,0.76,2.29,1.90,0.10,Matches
248,Vincent Kompany\Vincent-Kompany,be BEL,DF,Manchester City,32,1986,13.6,0.96,0.66,0.59,0.29,0.07,0.37,0.51,71.4,0.15,3.97,1.62,40.7,2.06,1.54,0.37,1.03,0.66,0.00,0.37,0.66,1.62,4.49,0.00,Matches
249,Terence Kongolo\Terence-Kongolo,nl NED,DF,Huddersfield,24,1994,30.2,2.75,1.49,1.82,0.79,0.13,0.96,1.92,50.0,0.96,11.4,3.41,29.9,7.25,3.61,0.53,1.89,0.50,0.00,1.39,1.89,4.64,3.41,0.00,Matches
250,Laurent Koscielny\Laurent-Koscielny,fr FRA,DF,Arsenal,32,1985,14.8,1.28,0.68,0.68,0.54,0.07,0.47,0.81,58.3,0.34,7.50,2.16,28.8,4.66,2.50,0.34,1.82,1.01,0.00,0.81,1.42,2.70,6.42,0.07,Matches
251,Cheikhou Kouyaté\Cheikhou-Kouyate,sn SEN,MF,Crystal Palace,28,1989,21.1,2.56,1.61,1.23,1.09,0.24,0.47,1.61,29.4,1.14,21.2,5.31,25.0,10.1,8.82,2.32,2.18,0.62,0.00,1.56,0.85,3.41,2.04,0.05,Matches
252,Mateo Kovačić\Mateo-Kovacic,hr CRO,MF,Chelsea,24,1994,19.3,2.54,1.76,1.14,1.09,0.31,0.36,1.45,25.0,1.09,26.4,6.74,25.5,6.42,13.2,6.84,0.93,0.10,0.00,0.83,0.52,3.06,0.73,0.00,Matches
253,Rajiv van La Parra\Rajiv-van-La-Parra,nl NED,MFFW,Huddersfield,27,1991,4.5,1.78,1.33,0.89,0.89,0.00,0.22,1.56,14.3,1.33,15.6,4.44,28.6,5.11,8.22,2.22,0.67,0.00,0.00,0.67,0.44,2.22,0.00,0.00,Matches
254,Alexandre Lacazette\Alexandre-Lacazette,fr FRA,FW,Arsenal,27,1991,27.8,1.26,1.01,0.29,0.54,0.43,0.14,0.72,20.0,0.58,19.6,4.86,24.8,1.94,9.24,8.42,1.08,0.14,0.00,0.94,0.40,1.65,0.79,0.00,Matches
255,Adam Lallana\Adam-Lallana,eng ENG,MFFW,Liverpool,30,1988,5.2,3.08,2.12,1.35,1.15,0.58,0.96,2.50,38.5,1.54,26.9,10.2,37.9,6.15,12.9,7.88,3.08,0.00,0.00,3.08,0.77,3.85,0.77,0.00,Matches
256,Érik Lamela\Erik-Lamela,ar ARG,FWMF,Tottenham,26,1992,10.8,1.94,1.39,0.46,0.74,0.74,0.56,1.20,46.2,0.65,20.8,5.74,27.6,2.59,10.8,7.41,1.39,0.00,0.00,1.39,0.46,2.41,0.19,0.00,Matches
257,Manuel Lanzini\Manuel-Lanzini,ar ARG,MF,West Ham,25,1993,7.6,1.32,1.18,0.53,0.66,0.13,0.66,2.50,26.3,1.84,23.6,4.21,17.9,4.87,13.7,5.00,0.92,0.13,0.00,0.79,0.66,1.97,0.39,0.00,Matches
258,Aymeric Laporte\Aymeric-Laporte,fr FRA,DF,Manchester City,24,1994,34.0,1.29,0.79,0.85,0.38,0.06,0.59,1.06,55.6,0.47,6.35,2.09,32.9,3.44,2.56,0.35,0.85,0.29,0.00,0.56,0.68,1.97,3.65,0.00,Matches
259,Jamaal Lascelles\Jamaal-Lascelles,eng ENG,DF,Newcastle Utd,24,1993,30.5,1.15,0.52,0.92,0.16,0.07,0.33,0.59,55.6,0.26,6.52,1.74,26.6,5.15,1.21,0.16,2.13,0.82,0.00,1.31,0.98,2.13,6.52,0.03,Matches
260,Maxime Le Marchand\Maxime-Le-Marchand,fr FRA,DF,Fulham,28,1989,25.0,2.32,1.20,1.72,0.52,0.08,0.44,1.36,32.4,0.92,12.3,3.72,30.3,8.28,3.48,0.52,1.92,0.72,0.00,1.20,1.52,3.84,5.52,0.04,Matches
261,Florian Lejeune\Florian-Lejeune,fr FRA,DF,Newcastle Utd,27,1991,11.7,2.48,1.20,1.62,0.77,0.09,1.11,2.48,44.8,1.37,14.8,4.36,29.5,9.66,4.62,0.51,2.48,0.60,0.09,1.88,1.45,3.93,4.96,0.09,Matches
262,Mario Lemina\Mario-Lemina,ga GAB,MF,Southampton,24,1993,17.9,2.85,2.23,1.51,1.12,0.22,0.67,1.62,41.4,0.95,18.2,5.03,27.6,6.20,9.22,2.79,1.40,0.22,0.06,1.17,1.56,4.41,1.28,0.00,Matches
263,Aaron Lennon\Aaron-Lennon,eng ENG,FWMF,Burnley,31,1987,13.5,2.44,1.48,1.11,1.11,0.22,0.67,1.56,42.9,0.89,17.3,4.15,23.9,7.04,7.04,3.26,2.15,0.07,0.00,2.07,0.67,3.11,0.59,0.00,Matches
264,Bernd Leno\Bernd-Leno,de GER,GK,Arsenal,26,1992,31.5,0.00,0.00,0.00,0.00,0.00,0.00,0.10,0.0,0.10,0.13,0.03,25.0,0.13,0.00,0.00,0.00,0.00,0.00,0.00,0.00,0.00,0.00,0.06,Matches
265,Jefferson Lerma\Jefferson-Lerma,co COL,MF,Bournemouth,23,1994,27.8,1.65,1.26,0.86,0.65,0.14,0.40,1.58,25.0,1.19,18.9,4.71,24.9,7.73,9.32,1.87,1.83,0.65,0.00,1.19,1.37,3.02,3.02,0.00,Matches
266,Stephan Lichtsteiner\Stephan-Lichtsteiner,ch SUI,DF,Arsenal,34,1984,10.4,1.15,0.48,0.58,0.29,0.29,0.67,2.02,33.3,1.35,11.8,2.88,24.4,5.96,4.23,1.63,1.83,0.67,0.00,1.15,0.10,1.25,2.79,0.10,Matches
267,Victor Lindelöf\Victor-Lindelof,se SWE,DF,Manchester Utd,24,1994,28.9,1.18,0.73,0.76,0.42,0.00,0.42,0.69,60.0,0.28,8.37,2.32,27.7,5.26,2.94,0.17,1.21,0.48,0.00,0.73,0.87,2.04,4.81,0.00,Matches
268,Jesse Lingard\Jesse-Lingard,eng ENG,FWMF,Manchester Utd,25,1992,18.5,1.08,0.54,0.32,0.38,0.38,0.22,1.78,12.1,1.57,28.9,7.57,26.2,4.22,13.9,10.8,1.24,0.16,0.00,1.08,0.54,1.62,0.32,0.00,Matches
269,Fernando Llorente\Fernando-Llorente,es ESP,FW,Tottenham,33,1985,7.7,0.52,0.39,0.26,0.26,0.00,0.26,0.65,40.0,0.39,14.7,3.51,23.9,2.21,5.97,6.49,1.04,0.39,0.00,0.65,0.13,0.65,1.82,0.00,Matches
270,Hugo Lloris\Hugo-Lloris,fr FRA,GK,Tottenham,31,1986,33.0,0.00,0.00,0.00,0.00,0.00,0.00,0.09,0.0,0.09,0.00,0.00,,0.00,0.00,0.00,0.00,0.00,0.00,0.00,0.00,0.00,0.06,0.00,Matches
271,Jürgen Locadia\Jurgen-Locadia,nl NED,FWMF,Brighton,24,1993,13.7,1.61,1.02,0.73,0.51,0.36,0.22,0.66,33.3,0.44,20.9,4.31,20.6,5.91,9.85,5.18,1.17,0.07,0.00,1.09,0.58,2.19,0.80,0.00,Matches
272,Ruben Loftus-Cheek\Ruben-Loftus-Cheek,eng ENG,MFFW,Chelsea,22,1996,11.1,1.62,1.35,0.63,0.54,0.45,0.27,0.99,27.3,0.72,17.2,5.68,33.0,3.96,8.47,4.77,1.53,0.36,0.00,1.17,0.54,2.16,0.54,0.00,Matches
273,Kevin Long\Kevin-Long,ie IRL,DF,Burnley,27,1990,5.7,3.68,2.28,2.11,1.58,0.00,1.40,2.81,50.0,1.40,9.30,2.46,26.4,5.61,3.33,0.35,2.11,1.23,0.00,0.88,0.88,4.56,4.74,0.00,Matches
274,Shane Long\Shane-Long,ie IRL,FWMF,Southampton,31,1987,14.1,0.78,0.35,0.28,0.28,0.21,0.07,0.78,9.1,0.71,20.4,4.82,23.7,2.13,10.0,8.23,0.92,0.21,0.00,0.71,0.43,1.21,1.13,0.00,Matches
275,Sean Longstaff\Sean-Longstaff,eng ENG,MF,Newcastle Utd,20,1997,7.6,3.29,2.50,1.45,1.58,0.26,1.45,3.55,40.7,2.11,30.8,9.74,31.6,9.34,18.8,2.63,2.50,0.53,0.00,1.97,1.32,4.61,1.58,0.00,Matches
276,Ademola Lookman\Ademola-Lookman,eng ENG,FWMF,Everton,20,1997,6.9,2.17,1.16,1.01,0.87,0.29,1.01,1.16,87.5,0.14,20.0,5.80,29.0,7.39,7.97,4.64,1.59,0.14,0.00,1.45,1.16,3.33,0.29,0.00,Matches
277,Jonas Lössl\Jonas-Lossl,dk DEN,GK,Huddersfield,29,1989,30.9,0.00,0.00,0.00,0.00,0.00,0.00,0.06,0.0,0.06,0.00,0.00,,0.00,0.00,0.00,0.03,0.00,0.00,0.03,0.00,0.00,0.06,0.03,Matches
278,Dejan Lovren\Dejan-Lovren,hr CRO,DF,Liverpool,29,1989,11.0,1.55,0.91,1.09,0.36,0.09,0.45,1.36,33.3,0.91,7.45,2.45,32.9,4.73,2.64,0.09,1.64,0.82,0.00,0.82,0.91,2.45,6.36,0.27,Matches
279,Chris Löwe\Chris-Lowe,de GER,DFMF,Huddersfield,29,1989,22.9,1.66,0.44,0.87,0.48,0.31,0.66,1.92,34.1,1.27,13.3,2.88,21.6,6.20,4.59,2.53,1.70,0.13,0.00,1.57,0.74,2.40,2.27,0.00,Matches
280,Matthew Lowton\Matthew-Lowton,eng ENG,DF,Burnley,29,1989,19.4,2.99,1.75,1.34,1.34,0.31,1.34,2.99,44.8,1.65,11.4,2.58,22.5,6.34,3.71,1.39,2.58,0.41,0.05,2.16,1.39,4.38,3.76,0.00,Matches
281,David Luiz\David-Luiz,br BRA,DF,Chelsea,31,1987,36.0,1.44,0.94,1.00,0.39,0.06,0.42,0.83,50.0,0.42,5.72,1.75,30.6,3.64,1.86,0.22,1.25,0.50,0.03,0.75,0.83,2.28,3.86,0.00,Matches
282,Romelu Lukaku\Romelu-Lukaku,be BEL,FW,Manchester Utd,25,1993,23.7,0.46,0.34,0.04,0.17,0.25,0.13,0.42,30.0,0.30,14.7,4.18,28.4,0.84,7.30,6.54,0.51,0.13,0.00,0.38,0.17,0.63,0.97,0.00,Matches
283,James Maddison\James-Maddison,eng ENG,MFFW,Leicester City,21,1996,31.5,1.87,1.08,0.79,0.83,0.25,0.48,1.90,25.0,1.43,24.3,5.02,20.6,5.21,12.0,7.14,0.98,0.10,0.00,0.89,0.38,2.25,0.19,0.00,Matches
284,Gary Madine\Gary-Madine,eng ENG,FWMF,Cardiff City,27,1990,0.4,2.50,2.50,0.00,0.00,2.50,0.00,0.00,,0.00,30.0,2.50,8.3,2.50,17.5,10.0,0.00,0.00,0.00,0.00,0.00,2.50,0.00,0.00,Matches
285,Harry Maguire\Harry-Maguire,eng ENG,DF,Leicester City,25,1993,28.8,1.15,0.66,0.83,0.28,0.03,0.28,0.52,53.3,0.24,6.04,1.91,31.6,3.68,2.08,0.28,1.70,0.73,0.00,0.97,1.11,2.26,5.28,0.03,Matches
286,Riyad Mahrez\Riyad-Mahrez,dz ALG,FWMF,Manchester City,27,1991,14.9,0.94,0.67,0.34,0.54,0.07,0.20,1.07,18.8,0.87,17.5,4.56,26.1,3.62,8.19,5.70,1.34,0.00,0.00,1.34,0.94,1.88,0.34,0.00,Matches
287,Ainsley Maitland-Niles\Ainsley-Maitland-Niles,eng ENG,DF,Arsenal,20,1997,11.0,3.18,2.09,1.55,1.45,0.18,1.18,2.73,43.3,1.55,21.8,7.09,32.5,8.82,8.45,4.55,2.64,0.36,0.09,2.27,1.27,4.45,1.64,0.00,Matches
288,Sadio Mané\Sadio-Mane,sn SEN,FW,Liverpool,26,1992,34.2,1.35,0.91,0.47,0.50,0.38,0.20,1.23,16.7,1.02,20.1,5.91,29.3,3.68,8.71,7.75,1.05,0.20,0.00,0.85,0.58,1.93,0.18,0.00,Matches
289,Javier Manquillo\Javier-Manquillo,es ESP,DF,Newcastle Utd,24,1994,12.2,2.70,1.23,1.31,1.15,0.25,0.98,1.89,52.2,0.90,17.6,4.67,26.5,9.02,5.90,2.70,2.30,0.08,0.00,2.21,1.31,4.02,2.79,0.00,Matches
290,Solly March\Solly-March,eng ENG,FWMF,Brighton,24,1994,27.4,1.72,0.88,0.95,0.29,0.47,0.55,1.79,30.6,1.24,23.2,4.74,20.4,8.76,9.89,4.60,2.30,0.18,0.00,2.12,0.62,2.34,0.88,0.00,Matches
291,Adrian Mariappa\Adrian-Mariappa,jm JAM,DF,Watford,31,1986,21.4,1.87,0.65,1.50,0.37,0.00,0.47,1.31,35.7,0.84,7.80,2.38,30.5,5.56,2.15,0.09,1.31,0.65,0.00,0.65,0.75,2.62,6.26,0.09,Matches
292,Lazar Marković\Lazar-Markovic,rs SRB,FW,Fulham,24,1994,0.5,0.00,0.00,0.00,0.00,0.00,0.00,0.00,,0.00,16.0,8.00,50.0,2.00,6.00,8.00,0.00,0.00,0.00,0.00,2.00,2.00,2.00,0.00,Matches
293,Anthony Martial\Anthony-Martial,fr FRA,FW,Manchester Utd,22,1995,18.0,1.06,0.89,0.39,0.50,0.17,0.22,0.89,25.0,0.67,11.5,2.94,25.6,2.50,5.06,3.94,1.00,0.00,0.00,1.00,0.33,1.39,0.33,0.00,Matches
294,Adam Masina\Adam-Masina,it ITA,DF,Watford,24,1994,11.2,2.32,1.25,1.43,0.80,0.09,0.63,1.96,31.8,1.34,16.7,5.63,33.7,9.11,5.89,1.70,2.41,0.36,0.00,2.05,0.89,3.21,3.04,0.00,Matches
295,Arthur Masuaku\Arthur-Masuaku,cd COD,DF,West Ham,24,1993,19.5,2.72,1.85,1.95,0.51,0.26,1.13,2.77,40.7,1.64,16.9,4.51,26.7,11.8,4.31,0.82,2.46,0.31,0.00,2.15,1.54,4.26,2.72,0.00,Matches
296,Juan Mata\Juan-Mata,es ESP,FWMF,Manchester Utd,30,1988,14.3,0.42,0.21,0.28,0.14,0.00,0.21,1.61,13.0,1.40,15.5,3.08,19.9,3.01,7.76,4.69,0.91,0.07,0.00,0.84,0.42,0.84,0.49,0.00,Matches
297,Nemanja Matić\Nemanja-Matic,rs SRB,MF,Manchester Utd,29,1988,27.1,1.81,1.07,1.00,0.74,0.07,0.96,2.51,38.2,1.55,19.1,5.09,26.6,9.26,8.27,1.59,2.03,0.66,0.00,1.37,1.29,3.10,2.47,0.00,Matches
298,Joël Matip\Joel-Matip,cm CMR,DF,Liverpool,26,1991,17.1,1.87,1.35,1.17,0.47,0.23,0.47,1.23,38.1,0.76,9.06,3.16,34.8,5.09,3.45,0.53,0.99,0.41,0.00,0.58,1.11,2.98,5.20,0.12,Matches
299,Konstantinos Mavropanos\Konstantinos-Mavropanos,gr GRE,DF,Arsenal,20,1997,1.6,2.50,1.25,1.25,1.25,0.00,0.63,0.63,100.0,0.00,6.88,1.25,18.2,3.13,3.75,0.00,0.63,0.63,0.00,0.00,1.88,4.38,4.38,0.00,Matches
300,Alfie Mawson\Alfie-Mawson,eng ENG,DF,Fulham,24,1994,12.6,0.87,0.48,0.56,0.32,0.00,0.32,0.71,44.4,0.40,4.92,0.95,19.4,3.25,1.43,0.24,1.90,1.11,0.00,0.79,1.03,1.90,6.03,0.16,Matches
301,Isaac Mbenza\Isaac-Mbenza,be BEL,FWMF,Huddersfield,22,1996,11.0,1.27,0.64,0.45,0.73,0.09,0.18,0.82,22.2,0.64,16.3,3.91,24.0,4.82,7.45,4.00,0.55,0.00,0.00,0.55,0.45,1.73,0.27,0.00,Matches
302,James McArthur\James-McArthur,sco SCO,MF,Crystal Palace,30,1987,34.0,2.62,1.65,1.26,0.94,0.41,0.91,2.82,32.3,1.91,29.4,7.15,24.3,12.6,13.3,3.59,2.79,0.76,0.03,2.03,1.09,3.71,1.18,0.00,Matches
303,Alex McCarthy\Alex-McCarthy,eng ENG,GK,Southampton,28,1989,25.0,0.00,0.00,0.00,0.00,0.00,0.00,0.00,,0.00,0.04,0.04,100.0,0.04,0.00,0.00,0.00,0.00,0.00,0.00,0.00,0.00,0.00,0.04,Matches
304,James McCarthy\James-McCarthy,ie IRL,MF,Everton,27,1990,0.2,5.00,0.00,5.00,0.00,0.00,0.00,0.00,,0.00,25.0,5.00,20.0,20.0,5.00,0.00,5.00,0.00,0.00,5.00,0.00,5.00,0.00,0.00,Matches
305,Kevin McDonald\Kevin-McDonald,sco SCO,MF,Fulham,29,1988,9.3,1.08,1.08,0.32,0.75,0.00,0.11,0.97,11.1,0.86,10.9,3.12,28.7,4.73,5.16,0.97,0.97,0.22,0.00,0.75,0.86,1.94,1.72,0.00,Matches
306,Dwight McNeil\Dwight-McNeil,eng ENG,MFFW,Burnley,18,1999,17.7,1.41,0.62,0.73,0.51,0.17,0.62,2.66,23.4,2.03,28.1,5.71,20.3,9.77,12.4,5.93,1.98,0.17,0.00,1.81,0.96,2.37,1.69,0.00,Matches
307,Scott McTominay\Scott-McTominay,sco SCO,MFDF,Manchester Utd,21,1996,9.6,1.67,1.35,0.52,1.15,0.00,0.73,1.25,58.3,0.52,13.9,3.02,21.8,5.52,6.46,1.88,1.25,0.52,0.00,0.73,0.52,2.19,2.19,0.00,Matches
308,Ben Mee\Ben-Mee,eng ENG,DF,Burnley,28,1989,38.0,1.42,0.63,1.08,0.34,0.00,0.63,1.11,57.1,0.47,6.11,2.03,33.2,4.37,1.63,0.11,2.18,1.42,0.08,0.76,0.82,2.24,7.34,0.16,Matches
309,Nathaniel Mendez-Laing\Nathaniel-Mendez-Laing,eng ENG,MFFW,Cardiff City,26,1992,10.9,3.21,2.11,1.65,1.19,0.37,1.38,2.39,57.7,1.01,20.4,5.50,27.0,8.72,8.35,3.30,2.84,0.09,0.00,2.75,1.01,4.22,1.47,0.00,Matches
310,Benjamin Mendy\Benjamin-Mendy,fr FRA,DF,Manchester City,24,1994,10.0,1.50,0.80,0.70,0.80,0.00,0.70,1.80,38.9,1.10,10.3,3.30,32.0,4.40,3.90,2.00,1.60,0.40,0.00,1.20,0.90,2.40,1.40,0.10,Matches
311,Nampalys Mendy\Nampalys-Mendy,fr FRA,MF,Leicester City,26,1992,23.2,1.72,0.99,1.03,0.56,0.13,0.17,1.16,14.8,0.99,20.1,5.13,25.5,7.80,10.4,1.90,1.72,0.47,0.00,1.25,1.08,2.80,0.95,0.00,Matches
312,Chris Mepham\Chris-Mepham,wal WAL,DF,Bournemouth,20,1997,9.4,1.06,0.43,1.06,0.00,0.00,0.43,0.64,66.7,0.21,11.4,3.09,27.1,8.40,2.55,0.43,1.91,0.64,0.00,1.28,1.17,2.23,6.81,0.11,Matches
313,Max Meyer\Max-Meyer,de GER,MFFW,Crystal Palace,22,1995,15.7,2.17,1.02,1.02,0.96,0.19,0.57,1.46,39.1,0.89,19.4,4.97,25.6,7.64,8.92,2.87,1.08,0.06,0.00,1.02,0.64,2.80,0.96,0.00,Matches
314,Luka Milivojević\Luka-Milivojevic,rs SRB,MF,Crystal Palace,27,1991,38.0,2.45,1.76,0.92,1.29,0.24,0.89,2.66,33.7,1.76,22.1,5.21,23.6,10.0,10.4,1.63,2.11,0.45,0.00,1.66,1.47,3.92,1.97,0.05,Matches
315,James Milner\James-Milner,eng ENG,MFDF,Liverpool,32,1986,19.9,2.21,1.31,0.65,1.21,0.35,0.65,2.31,28.3,1.66,22.3,6.13,27.5,6.33,9.95,6.03,2.51,0.30,0.00,2.21,0.95,3.17,0.95,0.05,Matches
316,Yerry Mina\Yerry-Mina,co COL,DF,Everton,23,1994,9.9,1.72,1.21,1.11,0.40,0.20,0.40,1.01,40.0,0.61,9.60,3.23,33.7,6.87,2.22,0.51,1.62,0.61,0.00,1.01,0.81,2.53,6.16,0.00,Matches
317,Tyrone Mings\Tyrone-Mings,eng ENG,DF,Bournemouth,25,1993,1.6,1.88,1.25,1.88,0.00,0.00,0.63,1.25,50.0,0.63,10.6,1.88,17.6,7.50,3.13,0.00,1.88,1.25,0.00,0.63,3.13,5.00,4.38,0.00,Matches
318,Aleksandar Mitrović\Aleksandar-Mitrovic,rs SRB,FW,Fulham,23,1994,36.4,0.44,0.27,0.14,0.22,0.08,0.11,0.36,30.8,0.25,16.1,3.85,23.9,0.69,6.51,8.87,0.99,0.47,0.00,0.52,0.22,0.66,1.35,0.00,Matches
319,Henrikh Mkhitaryan\Henrikh-Mkhitaryan,am ARM,FWMF,Arsenal,29,1989,18.2,1.54,0.99,0.55,0.71,0.27,0.38,1.70,22.6,1.32,22.4,4.95,22.1,5.27,12.6,4.51,1.76,0.05,0.00,1.70,1.04,2.58,0.60,0.00,Matches
320,Nacho Monreal\Nacho-Monreal,es ESP,DF,Arsenal,32,1986,20.7,1.74,1.30,1.01,0.48,0.24,0.53,1.35,39.3,0.82,13.5,3.38,25.0,6.67,4.98,1.88,1.79,0.39,0.05,1.40,1.11,2.85,3.91,0.00,Matches
321,Martín Montoya\Martin-Montoya,es ESP,DF,Brighton,27,1991,24.1,2.32,1.08,1.20,0.83,0.29,0.83,2.03,40.8,1.20,16.6,3.82,23.0,10.3,4.98,1.33,1.91,0.33,0.00,1.58,1.62,3.94,2.57,0.04,Matches
322,Aaron Mooy\Aaron-Mooy,au AUS,MFFW,Huddersfield,27,1990,25.9,2.55,1.66,0.93,1.24,0.39,0.73,2.36,31.1,1.62,23.6,6.56,27.9,6.22,12.7,4.63,1.93,0.31,0.04,1.62,0.77,3.32,0.93,0.00,Matches
323,Álvaro Morata\Alvaro-Morata,es ESP,FW,Chelsea,25,1992,10.5,0.86,0.57,0.00,0.48,0.38,0.00,0.19,0.0,0.19,15.8,5.05,31.9,0.57,5.52,9.71,0.57,0.19,0.00,0.38,0.19,1.05,0.67,0.00,Matches
324,Alberto Moreno\Alberto-Moreno,es ESP,DF,Liverpool,26,1992,1.7,2.35,1.18,1.76,0.59,0.00,0.00,0.00,,0.00,7.06,1.76,25.0,3.53,2.35,1.18,1.18,0.00,0.00,1.18,0.00,2.35,0.59,0.00,Matches
325,Wes Morgan\Wes-Morgan,jm JAM,DF,Leicester City,34,1984,21.4,1.36,0.75,0.70,0.61,0.05,0.33,0.42,77.8,0.09,6.12,2.10,34.4,4.30,1.59,0.23,1.92,0.56,0.00,1.36,0.98,2.34,5.14,0.14,Matches
326,Sean Morrison\Sean-Morrison,eng ENG,DF,Cardiff City,27,1991,33.8,1.33,0.89,1.01,0.30,0.03,0.47,0.92,51.6,0.44,9.26,3.25,35.1,6.09,3.05,0.12,1.75,0.89,0.06,0.86,1.04,2.37,5.86,0.09,Matches
327,Victor Moses\Victor-Moses,ng NGA,FW,Chelsea,27,1990,0.3,0.00,0.00,0.00,0.00,0.00,0.00,0.00,,0.00,30.0,6.67,22.2,10.0,16.7,3.33,3.33,0.00,0.00,3.33,0.00,0.00,0.00,0.00,Matches
328,Steve Mounié\Steve-Mounie,bj BEN,FW,Huddersfield,23,1994,19.8,0.71,0.40,0.05,0.30,0.35,0.15,0.71,21.4,0.56,22.8,5.15,22.6,2.02,11.1,9.70,0.81,0.05,0.00,0.76,0.15,0.86,0.71,0.05,Matches
329,Lucas Moura\Lucas-Moura,br BRA,FWMF,Tottenham,25,1992,23.6,1.40,0.97,0.42,0.55,0.42,0.30,1.06,28.0,0.76,18.7,4.75,25.4,2.88,8.69,7.12,0.81,0.04,0.00,0.76,0.93,2.33,1.02,0.00,Matches
330,Lys Mousset\Lys-Mousset,fr FRA,FWMF,Bournemouth,22,1996,4.1,1.22,0.98,0.24,0.73,0.24,0.24,0.98,25.0,0.73,26.3,3.66,13.9,2.44,11.2,12.7,0.98,0.00,0.00,0.98,0.49,1.71,0.49,0.00,Matches
331,João Moutinho\Joao-Moutinho,pt POR,MF,Wolves,31,1986,33.7,2.94,1.93,1.19,1.42,0.33,0.92,3.80,24.2,2.88,23.7,6.08,25.6,7.92,13.9,1.93,2.11,0.36,0.00,1.75,0.86,3.80,1.28,0.03,Matches
332,Jacob Murphy\Jacob-Murphy,eng ENG,MFFW,Newcastle Utd,23,1995,3.4,1.76,1.18,1.47,0.29,0.00,1.18,2.94,40.0,1.76,34.7,3.82,11.0,15.0,14.4,5.29,1.76,0.59,0.29,1.18,0.88,2.65,1.18,0.00,Matches
333,Josh Murphy\Josh-Murphy,eng ENG,FWMF,Cardiff City,23,1995,20.2,1.24,0.45,0.74,0.35,0.15,0.25,1.39,17.9,1.14,20.2,3.76,18.6,7.52,7.92,4.75,1.88,0.00,0.00,1.88,0.89,2.13,0.45,0.00,Matches
334,Glenn Murray\Glenn-Murray,eng ENG,FW,Brighton,34,1983,27.9,0.50,0.25,0.07,0.29,0.14,0.11,0.82,13.0,0.72,28.0,5.38,19.2,1.40,15.1,11.5,1.15,0.32,0.00,0.82,0.07,0.57,0.54,0.00,Matches
335,Shkodran Mustafi\Shkodran-Mustafi,de GER,DF,Arsenal,26,1992,29.0,2.17,1.24,1.41,0.69,0.07,0.83,1.28,64.9,0.45,7.66,2.55,33.3,4.72,2.52,0.41,1.72,0.62,0.00,1.10,1.24,3.41,6.55,0.03,Matches
336,Yoshinori Mutō\Yoshinori-Muto,jp JPN,FW,Newcastle Utd,26,1992,5.8,1.90,1.21,0.52,0.86,0.52,0.52,1.55,33.3,1.03,22.6,5.17,22.9,3.97,9.83,8.79,2.41,0.52,0.00,1.90,0.17,2.07,0.69,0.00,Matches
337,Georges-Kévin N'Koudou\Georges-Kevin-NKoudou,fr FRA,FW,Tottenham,23,1995,0.1,0.00,0.00,0.00,0.00,0.00,0.00,0.00,,0.00,20.0,10.0,50.0,0.00,10.0,10.0,0.00,0.00,0.00,0.00,0.00,0.00,0.00,0.00,Matches
338,Samir Nasri\Samir-Nasri,fr FRA,MF,West Ham,31,1987,2.7,0.00,0.00,0.00,0.00,0.00,0.00,0.00,,0.00,29.3,6.67,22.8,4.44,14.4,10.4,0.37,0.00,0.00,0.37,0.37,0.37,0.37,0.00,Matches
339,Marc Navarro\Marc-Navarro,es ESP,DF,Watford,23,1995,0.9,3.33,1.11,2.22,1.11,0.00,2.22,3.33,66.7,1.11,13.3,1.11,8.3,10.0,3.33,0.00,2.22,0.00,0.00,2.22,0.00,3.33,3.33,0.00,Matches
340,Wilfred Ndidi\Wilfred-Ndidi,ng NGA,MF,Leicester City,21,1996,36.6,4.37,2.98,2.24,1.72,0.41,0.74,2.27,32.5,1.53,25.2,8.03,31.8,11.2,12.2,1.89,2.21,0.22,0.00,1.99,1.50,5.87,2.51,0.00,Matches
341,Rúben Neves\Ruben-Neves,pt POR,MF,Wolves,21,1997,33.4,1.92,1.17,0.78,1.08,0.06,0.57,2.46,23.2,1.89,20.2,5.51,27.2,8.41,10.4,1.41,2.25,0.51,0.00,1.74,1.80,3.71,1.56,0.03,Matches
342,Oumar Niasse\Oumar-Niasse,sn SEN,FWMF,Everton,28,1990,0.7,0.00,0.00,0.00,0.00,0.00,0.00,1.43,0.0,1.43,14.3,1.43,10.0,2.86,7.14,4.29,0.00,0.00,0.00,0.00,0.00,0.00,0.00,0.00,Matches
343,Oumar Niasse\Oumar-Niasse,sn SEN,FW,Cardiff City,28,1990,10.3,1.07,0.58,0.29,0.29,0.49,0.29,0.68,42.9,0.39,13.9,2.91,21.0,1.55,6.41,5.92,1.36,0.10,0.00,1.26,0.19,1.26,0.68,0.00,Matches
344,Eddie Nketiah\Eddie-Nketiah,eng ENG,MFFW,Arsenal,19,1999,0.7,1.43,1.43,0.00,1.43,0.00,0.00,0.00,,0.00,31.4,10.0,31.8,4.29,17.1,10.0,0.00,0.00,0.00,0.00,0.00,1.43,1.43,0.00,Matches
345,Mark Noble\Mark-Noble,eng ENG,MF,West Ham,31,1987,25.5,2.16,1.49,0.94,1.02,0.20,0.43,1.80,23.9,1.37,23.1,5.53,23.9,6.94,13.0,3.18,0.75,0.08,0.00,0.67,1.10,3.25,0.31,0.00,Matches
346,Håvard Nordtveit\Havard-Nordtveit,no NOR,DF,Fulham,28,1990,4.0,1.50,0.75,1.25,0.25,0.00,0.25,1.00,25.0,0.75,11.3,4.50,40.0,9.50,1.50,0.25,1.50,0.75,0.00,0.75,1.25,2.75,4.75,0.25,Matches
347,Will Norris\Will-Norris,eng ENG,GK,Wolves,24,1993,0.0,0,0,0,0,0,0,0,,0,0,0,,0,0,0,0,0,0,0,0,0,0,0,Matches
348,Michael Obafemi\Michael-Obafemi,ie IRL,FW,Southampton,18,2000,1.5,0.67,0.67,0.00,0.00,0.67,0.00,0.67,0.0,0.67,23.3,3.33,14.3,1.33,12.0,10.0,1.33,1.33,0.00,0.00,0.00,0.67,0.00,0.00,Matches
349,Pedro Obiang\Pedro-Obiang,gq EQG,MF,West Ham,26,1992,12.5,3.12,2.00,1.84,1.12,0.16,1.20,3.36,35.7,2.16,28.0,6.64,23.7,10.2,14.3,3.52,2.00,0.56,0.00,1.44,1.12,4.24,1.28,0.00,Matches
350,Denis Odoi\Denis-Odoi,be BEL,DF,Fulham,30,1988,28.8,1.91,1.28,1.39,0.42,0.10,0.66,1.28,51.4,0.63,11.4,3.68,32.3,7.12,3.68,0.59,2.57,1.04,0.00,1.53,1.42,3.33,5.52,0.00,Matches
351,Angelo Ogbonna\Angelo-Ogbonna,it ITA,DF,West Ham,30,1988,20.8,1.83,1.11,1.35,0.38,0.10,0.72,1.30,55.6,0.58,13.7,5.24,38.4,9.62,3.65,0.38,2.31,1.01,0.00,1.30,1.15,2.98,5.34,0.00,Matches
352,Stefano Okaka\Stefano-Okaka,it ITA,FW,Watford,28,1989,0.3,0.00,0.00,0.00,0.00,0.00,0.00,0.00,,0.00,23.3,16.7,71.4,0.00,6.67,16.7,3.33,0.00,0.00,3.33,0.00,0.00,0.00,0.00,Matches
353,Shinji Okazaki\Shinji-Okazaki,jp JPN,FWMF,Leicester City,32,1986,3.2,1.88,1.25,0.94,0.94,0.00,0.00,0.94,0.0,0.94,33.8,8.75,25.9,3.75,19.7,10.3,2.81,0.63,0.00,2.19,0.94,2.81,0.00,0.00,Matches
354,Divock Origi\Divock-Origi,be BEL,FW,Liverpool,23,1995,4.1,1.46,0.98,0.49,0.73,0.24,0.00,0.73,0.0,0.73,20.2,5.37,26.5,4.15,8.54,7.56,0.73,0.00,0.00,0.73,0.49,1.95,0.24,0.00,Matches
355,Nicolás Otamendi\Nicolas-Otamendi,ar ARG,DF,Manchester City,30,1988,13.7,2.12,1.17,1.39,0.58,0.15,0.58,0.73,80.0,0.15,5.84,1.61,27.5,3.21,2.48,0.15,0.80,0.44,0.00,0.36,0.88,2.99,5.62,0.00,Matches
356,Alex Oxlade-Chamberlain\Alex-Oxlade-Chamberlain,eng ENG,MFFW,Liverpool,24,1993,0.2,5.00,0.00,0.00,5.00,0.00,5.00,5.00,100.0,0.00,15.0,0.00,0.0,0.00,10.0,5.00,10.0,0.00,0.00,10.0,0.00,5.00,0.00,0.00,Matches
357,Mesut Özil\Mesut-Ozil,de GER,MFFW,Arsenal,29,1988,19.3,0.47,0.26,0.26,0.10,0.10,0.21,1.09,19.0,0.88,16.0,3.99,25.0,3.06,8.50,4.40,0.47,0.10,0.00,0.36,0.31,0.78,0.10,0.00,Matches
358,Emerson Palmieri\Emerson-Palmieri,it ITA,DF,Chelsea,23,1994,7.4,2.30,1.08,0.81,0.68,0.81,0.81,1.35,60.0,0.54,17.2,4.73,27.6,7.16,5.81,4.19,2.30,0.14,0.00,2.16,0.81,3.11,1.49,0.00,Matches
359,Sokratis Papastathopoulos\Sokratis-Papastathopoulos,gr GRE,DF,Arsenal,30,1988,24.4,2.05,1.31,1.72,0.33,0.00,0.45,1.19,37.9,0.74,9.67,3.40,35.2,6.97,2.50,0.20,1.72,0.82,0.00,0.90,0.45,2.50,5.66,0.00,Matches
360,Callum Paterson\Callum-Paterson,sco SCO,FWMF,Cardiff City,23,1994,22.2,1.35,0.68,0.36,0.59,0.41,0.32,1.53,20.6,1.22,21.5,5.32,24.7,2.88,11.1,7.57,1.71,0.23,0.00,1.49,0.23,1.58,1.58,0.00,Matches
361,Rui Patrício\Rui-Patricio,pt POR,GK,Wolves,30,1988,37.0,0.00,0.00,0.00,0.00,0.00,0.00,0.05,0.0,0.05,0.03,0.00,0.0,0.03,0.00,0.00,0.00,0.00,0.00,0.00,0.00,0.00,0.05,0.05,Matches
362,Pedro\Pedro,es ESP,FW,Chelsea,31,1987,19.8,1.16,0.76,0.51,0.45,0.20,0.15,0.96,15.8,0.81,16.7,4.34,26.0,3.43,8.03,5.25,1.21,0.10,0.05,1.11,0.56,1.72,0.30,0.00,Matches
363,Lee Peltier\Lee-Peltier,eng ENG,DF,Cardiff City,31,1986,17.2,2.21,1.10,1.51,0.70,0.00,0.64,1.45,44.0,0.81,16.9,4.24,25.2,10.1,5.87,0.87,1.80,0.64,0.06,1.16,0.64,2.85,3.43,0.06,Matches
364,Andreas Pereira\Andreas-Pereira,br BRA,MF,Manchester Utd,22,1996,6.7,1.19,0.90,0.75,0.30,0.15,0.30,1.64,18.2,1.34,24.6,5.97,24.2,6.87,14.0,3.73,2.09,0.15,0.00,1.94,1.19,2.39,0.90,0.00,Matches
365,Ricardo Pereira\Ricardo-Pereira,pt POR,DFFW,Leicester City,24,1993,34.7,3.43,2.02,2.16,0.89,0.37,1.04,3.11,33.3,2.07,21.6,6.57,30.5,10.5,7.78,3.29,2.97,0.17,0.00,2.80,1.38,4.81,2.82,0.00,Matches
366,Roberto Pereyra\Roberto-Pereyra,ar ARG,FWMF,Watford,27,1991,31.3,0.77,0.64,0.35,0.26,0.16,0.19,1.02,18.8,0.83,18.9,5.50,29.1,5.94,7.64,5.30,1.60,0.00,0.00,1.60,0.61,1.37,0.61,0.03,Matches
367,Ayoze Pérez\Ayoze-Perez,es ESP,FWMF,Newcastle Utd,25,1993,32.4,1.60,1.08,0.74,0.59,0.28,0.37,1.98,18.8,1.60,28.8,5.68,19.7,7.69,14.8,6.23,2.22,0.28,0.00,1.94,1.02,2.62,1.05,0.03,Matches
368,Lucas Pérez\Lucas-Perez,es ESP,FW,West Ham,29,1988,5.3,0.75,0.57,0.19,0.19,0.38,0.19,0.94,20.0,0.75,25.8,5.66,21.9,3.21,13.4,9.25,0.38,0.19,0.00,0.19,0.57,1.32,0.38,0.00,Matches
369,Jordan Pickford\Jordan-Pickford,eng ENG,GK,Everton,24,1994,38.0,0.00,0.00,0.00,0.00,0.00,0.00,0.00,,0.00,0.03,0.00,0.0,0.03,0.00,0.00,0.00,0.00,0.00,0.00,0.00,0.00,0.08,0.08,Matches
370,Paul Pogba\Paul-Pogba,fr FRA,MF,Manchester Utd,25,1993,33.4,1.41,1.11,0.75,0.45,0.21,0.39,1.14,34.2,0.75,19.6,4.49,22.9,5.69,9.52,4.40,1.26,0.27,0.00,0.99,0.42,1.83,0.90,0.00,Matches
371,Alex Pritchard\Alex-Pritchard,eng ENG,MFFW,Huddersfield,25,1993,23.1,1.21,0.78,0.26,0.48,0.48,0.30,1.99,15.2,1.69,24.2,6.28,25.9,3.25,12.2,8.83,1.60,0.09,0.00,1.52,0.69,1.90,0.30,0.00,Matches
372,Sebastian Prödl\Sebastian-Prodl,at AUT,DF,Watford,31,1987,0.1,0.00,0.00,0.00,0.00,0.00,0.00,0.00,,0.00,10.0,0.00,0.0,10.0,0.00,0.00,0.00,0.00,0.00,0.00,0.00,0.00,0.00,0.00,Matches
373,Davy Pröpper\Davy-Propper,nl NED,MF,Brighton,26,1991,28.3,1.73,1.27,0.78,0.67,0.28,0.42,1.80,23.5,1.38,21.3,4.66,21.9,7.49,10.8,3.04,1.77,0.18,0.00,1.59,1.10,2.83,1.31,0.00,Matches
374,Jason Puncheon\Jason-Puncheon,eng ENG,MF,Crystal Palace,32,1986,0.1,0.00,0.00,0.00,0.00,0.00,0.00,0.00,,0.00,40.0,0.00,0.0,20.0,10.0,10.0,0.00,0.00,0.00,0.00,0.00,0.00,0.00,0.00,Matches
375,Jason Puncheon\Jason-Puncheon,eng ENG,MFFW,Huddersfield,32,1986,4.2,1.67,0.95,0.48,0.95,0.24,0.24,2.14,11.1,1.90,29.5,9.05,30.6,9.76,14.0,5.71,0.95,0.24,0.00,0.71,0.48,2.14,1.67,0.00,Matches
376,Collin Quaner\Collin-Quaner,de GER,FWMF,Huddersfield,27,1991,0.4,0.00,0.00,0.00,0.00,0.00,0.00,2.50,0.0,2.50,17.5,0.00,0.0,2.50,10.0,5.00,0.00,0.00,0.00,0.00,0.00,0.00,0.00,0.00,Matches
377,Domingos Quina\Domingos-Quina,pt POR,MF,Watford,18,1999,3.8,3.42,2.11,1.58,1.58,0.26,0.53,2.37,22.2,1.84,29.7,6.58,22.1,10.0,15.5,4.21,1.05,0.00,0.00,1.05,1.84,5.26,1.32,0.00,Matches
378,Joe Ralls\Joe-Ralls,eng ENG,MF,Cardiff City,24,1993,21.8,2.29,1.70,0.83,1.28,0.18,0.32,1.42,22.6,1.10,21.2,4.91,23.1,8.17,11.0,2.11,1.61,0.28,0.00,1.33,0.78,3.07,1.24,0.00,Matches
379,Aaron Ramsey\Aaron-Ramsey,wal WAL,MFFW,Arsenal,27,1990,14.8,2.09,1.28,0.68,0.74,0.68,0.74,1.96,37.9,1.22,26.6,6.28,23.6,5.07,13.8,7.77,0.61,0.07,0.00,0.54,0.68,2.77,0.14,0.00,Matches
380,Kayne Ramsey\Kayne-Ramsey,eng ENG,DF,Southampton,17,2000,1.0,3.00,2.00,3.00,0.00,0.00,1.00,1.00,100.0,0.00,14.0,5.00,35.7,13.0,1.00,0.00,0.00,0.00,0.00,0.00,0.00,3.00,8.00,0.00,Matches
381,Marcus Rashford\Marcus-Rashford,eng ENG,FW,Manchester Utd,20,1997,25.9,0.73,0.35,0.15,0.27,0.31,0.15,0.89,17.4,0.73,16.4,3.90,23.8,2.36,6.95,7.07,0.93,0.08,0.00,0.85,0.27,1.00,0.69,0.00,Matches
382,Tim Ream\Tim-Ream,us USA,DF,Fulham,30,1987,22.7,1.10,0.62,0.84,0.26,0.00,0.40,1.06,37.5,0.66,9.60,3.30,34.4,5.90,3.48,0.22,1.37,0.48,0.04,0.88,0.84,1.94,4.45,0.00,Matches
383,Nathan Redmond\Nathan-Redmond,eng ENG,FWMF,Southampton,24,1994,36.3,1.18,0.80,0.50,0.36,0.33,0.33,1.18,27.9,0.85,28.0,6.72,24.0,6.61,12.6,8.84,1.57,0.11,0.00,1.46,0.58,1.76,0.30,0.00,Matches
384,Bobby Reid\Bobby-Reid,jm JAM,FWMF,Cardiff City,25,1993,15.8,0.76,0.57,0.32,0.32,0.13,0.13,0.95,13.3,0.82,31.5,6.01,19.1,3.61,17.7,10.3,0.51,0.06,0.00,0.44,0.44,1.20,0.89,0.00,Matches
385,Declan Rice\Declan-Rice,eng ENG,MF,West Ham,19,1999,33.4,2.78,2.04,1.20,1.53,0.06,0.93,2.66,34.8,1.74,23.7,6.53,27.6,11.4,11.2,1.14,1.62,0.36,0.03,1.26,1.56,4.34,1.77,0.00,Matches
386,Jazz Richards\Jazz-Richards,wal WAL,DFMF,Cardiff City,27,1991,1.5,0.67,0.67,0.67,0.00,0.00,0.67,0.67,100.0,0.00,10.7,1.33,12.5,6.67,2.67,1.33,1.33,0.67,0.00,0.67,0.67,1.33,4.00,0.00,Matches
387,Richarlison\Richarlison,br BRA,FWMF,Everton,21,1997,29.6,1.86,1.15,0.68,0.81,0.37,0.30,0.88,34.6,0.57,21.4,5.71,26.7,4.70,10.2,6.49,1.11,0.17,0.00,0.95,0.47,2.33,1.18,0.00,Matches
388,Diego Rico\Diego-Rico,es ESP,DFMF,Bournemouth,25,1993,6.8,1.76,0.74,0.74,0.44,0.59,0.44,1.76,25.0,1.32,21.6,3.53,16.3,11.5,6.76,3.38,2.50,0.15,0.00,2.35,2.21,3.97,3.09,0.00,Matches
389,Sergio Rico\Sergio-Rico,es ESP,GK,Fulham,24,1993,29.0,0.00,0.00,0.00,0.00,0.00,0.00,0.00,,0.00,0.00,0.00,,0.00,0.00,0.00,0.00,0.00,0.00,0.00,0.00,0.00,0.00,0.00,Matches
390,Matt Ritchie\Matt-Ritchie,sco SCO,DFMF,Newcastle Utd,28,1989,32.5,2.00,1.23,0.98,0.71,0.31,0.52,1.54,34.0,1.02,22.6,5.35,23.7,10.8,8.65,3.14,2.09,0.40,0.03,1.69,1.26,3.26,1.82,0.00,Matches
391,Andrew Robertson\Andrew-Robertson,sco SCO,DF,Liverpool,24,1994,35.7,2.13,1.23,1.32,0.56,0.25,0.81,2.32,34.9,1.51,13.5,4.03,29.9,6.67,4.26,2.58,1.48,0.17,0.00,1.32,1.20,3.33,1.51,0.03,Matches
392,Marcos Rojo\Marcos-Rojo,ar ARG,DF,Manchester Utd,28,1990,2.4,2.08,1.25,1.67,0.00,0.42,0.42,2.08,20.0,1.67,14.6,5.42,37.1,5.83,6.67,2.08,2.92,0.83,0.00,2.08,1.67,3.75,3.75,0.42,Matches
393,Oriol Romeu\Oriol-Romeu,es ESP,MF,Southampton,26,1991,23.7,3.63,2.53,1.60,1.86,0.17,1.39,3.50,39.8,2.11,23.2,5.95,25.7,10.3,10.5,2.36,2.53,0.63,0.00,1.90,0.80,4.43,2.11,0.00,Matches
394,Salomón Rondón\Salomon-Rondon,ve VEN,FW,Newcastle Utd,28,1989,28.9,0.38,0.28,0.17,0.07,0.14,0.17,0.80,21.7,0.62,18.1,3.81,21.1,1.66,9.41,6.99,0.66,0.17,0.00,0.48,0.35,0.73,1.31,0.00,Matches
395,Danny Rose\Danny-Rose,eng ENG,DFMF,Tottenham,28,1990,20.0,2.55,1.45,1.40,0.70,0.45,0.60,1.45,41.4,0.85,11.9,3.90,32.8,5.05,4.15,2.70,2.00,0.15,0.00,1.85,0.75,3.30,1.25,0.00,Matches
396,Aaron Rowe\Aaron-Rowe,eng ENG,FW,Huddersfield,17,2000,0.8,2.50,1.25,1.25,1.25,0.00,0.00,0.00,,0.00,36.3,1.25,3.4,10.0,17.5,8.75,1.25,0.00,0.00,1.25,0.00,2.50,3.75,0.00,Matches
397,John Ruddy\John-Ruddy,eng ENG,GK,Wolves,31,1986,1.0,0.00,0.00,0.00,0.00,0.00,0.00,0.00,,0.00,0.00,0.00,,0.00,0.00,0.00,0.00,0.00,0.00,0.00,0.00,0.00,0.00,0.00,Matches
398,Antonio Rüdiger\Antonio-Rudiger,de GER,DF,Chelsea,25,1993,31.9,1.19,0.63,1.07,0.13,0.00,0.47,1.16,40.5,0.69,6.87,2.35,34.2,4.61,2.01,0.25,0.88,0.31,0.06,0.56,0.69,1.88,3.32,0.03,Matches
399,Mathew Ryan\Mathew-Ryan,au AUS,GK,Brighton,26,1992,34.0,0.00,0.00,0.00,0.00,0.00,0.00,0.06,0.0,0.06,0.03,0.03,100.0,0.03,0.00,0.00,0.00,0.00,0.00,0.00,0.00,0.00,0.03,0.00,Matches
400,Abdelhamid Sabiri\Abdelhamid-Sabiri,de GER,FW,Huddersfield,21,1996,0.5,4.00,2.00,0.00,2.00,2.00,0.00,0.00,,0.00,14.0,0.00,0.0,8.00,4.00,2.00,2.00,0.00,0.00,2.00,0.00,4.00,0.00,0.00,Matches
401,Romain Saïss\Romain-Saiss,ma MAR,MFDF,Wolves,28,1990,12.8,3.52,1.80,2.34,1.02,0.16,1.17,2.66,44.1,1.48,17.7,5.08,28.6,9.30,7.11,1.33,2.73,0.94,0.00,1.80,0.86,4.38,6.64,0.00,Matches
402,Bukayo Saka\Bukayo-Saka,eng ENG,FW,Arsenal,16,2001,0.1,0.00,0.00,0.00,0.00,0.00,0.00,0.00,,0.00,10.0,10.0,100.0,0.00,10.0,0.00,0.00,0.00,0.00,0.00,0.00,0.00,0.00,0.00,Matches
403,Mamadou Sakho\Mamadou-Sakho,fr FRA,DF,Crystal Palace,28,1990,26.8,1.04,0.56,0.86,0.19,0.00,0.34,0.71,47.4,0.37,5.67,1.57,27.6,4.33,1.16,0.19,1.68,0.67,0.00,1.01,0.86,1.90,5.71,0.07,Matches
404,Bakary Sako\Bakary-Sako,ml MLI,FWMF,Crystal Palace,30,1988,0.3,6.67,3.33,3.33,0.00,3.33,0.00,0.00,,0.00,40.0,6.67,16.7,13.3,13.3,13.3,0.00,0.00,0.00,0.00,0.00,6.67,0.00,0.00,Matches
405,Mohamed Salah\Mohamed-Salah,eg EGY,FW,Liverpool,26,1992,36.1,0.44,0.39,0.06,0.17,0.22,0.08,0.47,17.6,0.39,17.1,4.43,25.9,1.16,6.70,9.25,0.55,0.08,0.00,0.47,0.14,0.58,0.08,0.00,Matches
406,Alexis Sánchez\Alexis-Sanchez,cl CHI,FWMF,Manchester Utd,29,1988,9.8,1.43,0.82,0.41,0.71,0.31,0.10,1.22,8.3,1.12,21.2,5.92,27.9,5.82,8.78,6.63,0.71,0.10,0.00,0.61,1.02,2.45,0.20,0.00,Matches
407,Carlos Sánchez\Carlos-Sanchez,co COL,MF,West Ham,32,1986,2.7,0.74,0.37,0.74,0.00,0.00,0.74,2.96,25.0,2.22,21.1,3.70,17.5,7.41,13.0,0.74,0.37,0.00,0.00,0.37,0.74,1.48,1.11,0.37,Matches
408,Davinson Sánchez\Davinson-Sanchez,co COL,DF,Tottenham,22,1996,21.6,1.67,1.06,1.20,0.42,0.05,0.60,1.34,44.8,0.74,8.56,2.55,29.7,5.23,2.92,0.42,1.39,0.51,0.00,0.88,1.16,2.82,5.23,0.00,Matches
409,Leroy Sané\Leroy-Sane,de GER,FW,Manchester City,22,1996,20.7,1.11,0.92,0.43,0.39,0.29,0.19,0.97,20.0,0.77,16.9,5.65,33.5,3.67,7.73,5.46,1.35,0.19,0.00,1.16,0.48,1.59,0.10,0.00,Matches
410,Fabian Schär\Fabian-Schar,ch SUI,DF,Newcastle Utd,26,1991,22.2,2.84,1.26,1.89,0.86,0.09,0.99,2.70,36.7,1.71,13.1,3.74,28.5,8.83,3.96,0.32,2.43,0.77,0.05,1.67,2.57,5.41,6.62,0.00,Matches
411,Christopher Schindler\Christopher-Schindler,de GER,DF,Huddersfield,28,1990,36.2,2.07,1.24,1.41,0.61,0.06,0.58,1.49,38.9,0.91,11.5,3.37,29.4,8.18,3.12,0.17,2.24,1.02,0.00,1.22,1.27,3.34,4.92,0.03,Matches
412,Jeffrey Schlupp\Jeffrey-Schlupp,gh GHA,MFFW,Crystal Palace,25,1992,18.6,2.20,1.02,1.02,0.81,0.38,0.27,1.56,17.2,1.29,22.4,5.38,24.0,9.52,9.46,3.39,2.42,0.48,0.00,1.94,0.81,3.01,1.18,0.00,Matches
413,Kasper Schmeichel\Kasper-Schmeichel,dk DEN,GK,Leicester City,31,1986,38.0,0.00,0.00,0.00,0.00,0.00,0.00,0.00,,0.00,0.00,0.00,,0.00,0.00,0.00,0.00,0.00,0.00,0.00,0.00,0.00,0.05,0.00,Matches
414,Morgan Schneiderlin\Morgan-Schneiderlin,fr FRA,MF,Everton,28,1989,9.3,2.58,1.51,1.18,1.29,0.11,0.54,2.26,23.8,1.72,22.2,6.45,29.1,6.56,13.4,2.15,1.72,0.32,0.00,1.40,1.72,4.30,2.26,0.00,Matches
415,André Schürrle\Andre-Schurrle,de GER,FWMF,Fulham,27,1990,18.2,1.21,0.88,0.71,0.33,0.16,0.33,2.36,14.0,2.03,22.1,5.11,23.1,5.99,10.2,5.88,1.10,0.11,0.00,0.99,0.38,1.59,0.82,0.00,Matches
416,Ken Sema\Ken-Sema,se SWE,FWMF,Watford,24,1993,8.4,1.55,1.07,0.48,0.83,0.24,0.48,1.79,26.7,1.31,33.2,8.57,25.8,10.7,14.2,8.33,1.90,0.00,0.00,1.90,0.24,1.79,0.48,0.00,Matches
417,Jean Seri\Jean-Seri,ci CIV,MF,Fulham,27,1991,24.9,1.89,1.41,0.88,0.92,0.08,0.44,1.57,28.2,1.12,22.4,5.86,26.2,7.23,12.2,2.89,1.81,0.32,0.00,1.49,1.00,2.89,0.64,0.00,Matches
418,Ryan Sessegnon\Ryan-Sessegnon,eng ENG,FWDF,Fulham,18,2000,25.6,1.45,0.98,0.70,0.47,0.27,0.39,1.09,35.7,0.70,24.3,4.49,18.5,8.79,10.4,5.12,2.15,0.08,0.00,2.07,0.51,1.95,1.13,0.00,Matches
419,Xherdan Shaqiri\Xherdan-Shaqiri,ch SUI,FWMF,Liverpool,26,1991,11.8,0.76,0.34,0.25,0.34,0.17,0.08,1.36,6.3,1.27,18.1,4.66,25.8,3.73,9.15,5.17,0.93,0.08,0.00,0.85,0.59,1.36,0.42,0.00,Matches
420,Luke Shaw\Luke-Shaw,eng ENG,DF,Manchester Utd,23,1995,28.8,1.56,0.87,0.52,0.87,0.17,0.42,1.25,33.3,0.83,15.6,4.48,28.8,7.33,6.08,2.15,2.05,0.38,0.00,1.67,0.63,2.19,2.88,0.00,Matches
421,Jonjo Shelvey\Jonjo-Shelvey,eng ENG,MF,Newcastle Utd,26,1992,10.5,1.81,0.86,0.86,0.57,0.38,0.67,2.10,31.8,1.43,16.5,3.90,23.7,7.24,7.52,1.71,1.24,0.19,0.00,1.05,1.14,2.95,1.43,0.00,Matches
422,Gylfi Sigurðsson\Gylfi-Sigurdsson,is ISL,MF,Everton,28,1989,34.6,1.36,0.90,0.58,0.46,0.32,0.43,1.39,31.3,0.95,27.5,7.28,26.5,4.34,13.7,9.42,1.42,0.14,0.00,1.27,0.55,1.91,0.61,0.00,Matches
423,Adrien Silva\Adrien-Silva,pt POR,MF,Leicester City,29,1989,1.0,2.00,1.00,0.00,1.00,1.00,0.00,1.00,0.0,1.00,31.0,4.00,12.9,4.00,22.0,5.00,0.00,0.00,0.00,0.00,1.00,3.00,1.00,0.00,Matches
424,Bernardo Silva\Bernardo-Silva,pt POR,MFFW,Manchester City,23,1994,31.7,1.83,1.45,0.54,0.85,0.44,0.35,2.02,17.2,1.67,27.5,7.22,26.3,4.98,13.5,8.96,1.67,0.09,0.00,1.58,0.82,2.65,0.60,0.00,Matches
425,David Silva\David-Silva,es ESP,MF,Manchester City,32,1986,26.7,1.01,0.82,0.41,0.45,0.15,0.19,1.01,18.5,0.82,17.1,4.79,28.1,2.96,8.24,5.88,0.90,0.11,0.00,0.79,0.75,1.76,0.49,0.00,Matches
426,Xande Silva\Xande-Silva,pt POR,FW,West Ham,21,1997,0.2,0.00,0.00,0.00,0.00,0.00,0.00,0.00,,0.00,30.0,0.00,0.0,5.00,15.0,10.0,5.00,0.00,0.00,5.00,0.00,0.00,0.00,0.00,Matches
427,Danny Simpson\Danny-Simpson,eng ENG,DF,Leicester City,31,1987,3.2,2.81,2.19,2.19,0.63,0.00,0.63,1.56,40.0,0.94,15.3,6.25,40.8,9.69,5.63,0.00,3.75,1.25,0.00,2.50,1.25,4.06,5.00,0.00,Matches
428,Jack Simpson\Jack-Simpson,eng ENG,DF,Bournemouth,21,1996,4.5,1.56,0.89,1.33,0.22,0.00,0.89,1.33,66.7,0.44,9.56,2.44,25.6,5.11,4.22,0.22,2.22,0.67,0.00,1.56,1.56,3.11,9.33,0.00,Matches
429,Josh Sims\Josh-Sims,eng ENG,FWMF,Southampton,21,1997,2.4,0.42,0.00,0.42,0.00,0.00,0.00,0.00,,0.00,26.7,9.58,35.9,7.08,11.7,7.92,0.83,0.00,0.00,0.83,0.83,1.25,0.42,0.00,Matches
430,Moussa Sissoko\Moussa-Sissoko,fr FRA,MF,Tottenham,28,1989,25.9,1.74,1.16,0.93,0.69,0.12,0.39,1.24,31.3,0.85,16.7,4.59,27.5,6.29,8.03,2.36,1.58,0.23,0.00,1.35,0.85,2.59,0.93,0.00,Matches
431,Oliver Skipp\Oliver-Skipp,eng ENG,MFFW,Tottenham,17,2000,2.4,2.08,1.25,0.83,1.25,0.00,1.25,2.50,50.0,1.25,27.5,8.33,30.3,11.7,13.8,2.08,1.67,0.42,0.00,1.25,0.42,2.50,1.67,0.00,Matches
432,Callum Slattery\Callum-Slattery,eng ENG,MF,Southampton,19,1999,1.2,3.33,1.67,0.83,2.50,0.00,1.67,5.00,33.3,3.33,61.7,14.2,23.0,22.5,33.3,5.83,4.17,0.83,0.00,3.33,0.00,3.33,1.67,0.00,Matches
433,Chris Smalling\Chris-Smalling,eng ENG,DF,Manchester Utd,28,1989,23.6,1.23,0.64,0.85,0.34,0.04,0.25,0.64,40.0,0.38,7.37,2.29,31.0,4.66,2.54,0.17,2.25,1.23,0.00,1.02,0.93,2.16,5.97,0.04,Matches
434,Adam Smith\Adam-Smith,eng ENG,DF,Bournemouth,27,1991,23.0,2.13,1.22,1.04,0.78,0.30,0.52,1.43,36.4,0.91,19.3,4.96,25.7,10.9,5.70,2.70,2.43,0.30,0.00,2.13,0.91,3.04,2.91,0.04,Matches
435,Tommy Smith\Tommy-Smith,eng ENG,DF,Huddersfield,26,1992,12.7,1.97,1.18,1.02,0.79,0.16,0.63,2.28,27.6,1.65,18.3,5.04,27.6,10.7,5.91,1.65,1.42,0.47,0.00,0.94,1.65,3.62,2.60,0.00,Matches
436,Robert Snodgrass\Robert-Snodgrass,sco SCO,MFFW,West Ham,30,1987,24.7,1.82,1.09,0.69,1.01,0.12,0.57,1.98,28.6,1.42,24.8,5.47,22.0,6.92,12.3,5.55,1.05,0.16,0.00,0.89,0.53,2.35,0.77,0.00,Matches
437,Cédric Soares\Cedric-Soares,pt POR,DF,Southampton,26,1991,16.6,1.69,1.02,1.02,0.48,0.18,0.54,1.45,37.5,0.90,17.9,3.25,18.2,10.5,5.78,1.63,2.17,0.42,0.00,1.75,1.02,2.71,2.47,0.06,Matches
438,Ramadan Sobhi\Ramadan-Sobhi,eg EGY,FW,Huddersfield,21,1997,0.9,2.22,2.22,0.00,1.11,1.11,0.00,0.00,,0.00,13.3,5.56,41.7,3.33,6.67,3.33,3.33,0.00,0.00,3.33,0.00,2.22,0.00,0.00,Matches
439,Dominic Solanke\Dominic-Solanke,eng ENG,FW,Bournemouth,20,1997,3.9,2.05,1.54,0.51,1.28,0.26,0.00,1.03,0.0,1.03,30.5,7.44,24.4,5.90,16.2,8.46,1.79,0.26,0.00,1.54,0.26,2.31,1.28,0.00,Matches
440,Pape Souaré\Pape-Souare,sn SEN,DF,Crystal Palace,28,1990,0.0,0,0,0,0,0,0,0,,0,0,0,,0,0,0,0,0,0,0,0,0,0,0,Matches
441,Çağlar Söyüncü\Caglar-Soyuncu,tr TUR,DF,Leicester City,22,1996,4.1,1.71,1.22,1.46,0.24,0.00,0.24,1.22,20.0,0.98,10.2,3.90,38.1,6.59,3.17,0.49,1.46,0.73,0.00,0.73,1.22,2.93,8.05,0.24,Matches
442,Julián Speroni\Julian-Speroni,ar ARG,GK,Crystal Palace,39,1979,1.0,0.00,0.00,0.00,0.00,0.00,0.00,0.00,,0.00,0.00,0.00,,0.00,0.00,0.00,0.00,0.00,0.00,0.00,0.00,0.00,0.00,1.00,Matches
443,Junior Stanislas\Junior-Stanislas,eng ENG,MFFW,Bournemouth,28,1989,11.5,0.96,0.61,0.61,0.35,0.00,0.09,0.70,12.5,0.61,18.8,3.91,20.8,6.52,8.61,3.65,1.13,0.26,0.00,0.87,0.35,1.30,0.96,0.00,Matches
444,Dale Stephens\Dale-Stephens,eng ENG,MF,Brighton,29,1989,27.6,2.75,1.92,1.30,1.30,0.14,0.80,2.83,28.2,2.03,20.3,5.00,24.7,8.99,10.3,1.01,1.45,0.43,0.00,1.01,1.01,3.77,2.14,0.04,Matches
445,Jack Stephens\Jack-Stephens,eng ENG,DF,Southampton,24,1994,18.9,1.27,0.79,1.06,0.16,0.05,0.48,1.48,32.1,1.01,8.41,3.02,35.8,5.98,2.01,0.42,1.64,0.85,0.00,0.79,1.43,2.70,6.40,0.00,Matches
446,Raheem Sterling\Raheem-Sterling,eng ENG,FW,Manchester City,23,1994,30.8,0.94,0.55,0.26,0.49,0.19,0.29,0.65,45.0,0.36,15.4,4.38,28.4,2.63,6.85,5.94,1.17,0.03,0.00,1.14,0.68,1.62,0.19,0.00,Matches
447,John Stones\John-Stones,eng ENG,DF,Manchester City,24,1994,19.6,0.77,0.56,0.51,0.26,0.00,0.20,0.41,50.0,0.20,7.04,2.55,36.2,4.08,2.45,0.51,1.48,0.56,0.05,0.92,0.87,1.63,3.42,0.00,Matches
448,Daniel Sturridge\Daniel-Sturridge,eng ENG,FWMF,Liverpool,28,1989,5.7,0.53,0.35,0.18,0.18,0.18,0.18,0.53,33.3,0.35,12.5,3.51,28.2,1.23,5.44,5.79,0.18,0.00,0.00,0.18,0.00,0.53,0.18,0.00,Matches
449,Denis Suárez\Denis-Suarez,es ESP,FW,Arsenal,24,1994,0.8,1.25,1.25,0.00,1.25,0.00,0.00,0.00,,0.00,41.3,8.75,21.2,11.3,21.3,8.75,0.00,0.00,0.00,0.00,1.25,2.50,0.00,0.00,Matches
450,Isaac Success\Isaac-Success,ng NGA,FWMF,Watford,22,1996,11.7,1.79,1.45,0.43,0.77,0.60,0.17,0.34,50.0,0.17,16.0,4.36,27.3,2.31,7.61,6.07,0.85,0.00,0.00,0.85,0.26,2.05,0.77,0.00,Matches
451,Ki Sung-yueng\Ki-Sung-yueng,kr KOR,MF,Newcastle Utd,29,1989,14.5,1.03,0.69,0.41,0.48,0.14,0.21,1.03,20.0,0.83,22.7,4.76,21.0,8.28,13.0,1.45,1.24,0.14,0.00,1.10,1.10,2.14,1.03,0.07,Matches
452,Andrew Surman\Andrew-Surman,eng ENG,MF,Bournemouth,31,1986,16.0,0.81,0.50,0.31,0.38,0.13,0.06,0.75,8.3,0.69,21.1,4.44,21.0,7.88,10.9,2.38,1.81,0.44,0.00,1.38,0.38,1.19,1.94,0.00,Matches
453,Sam Surridge\Sam-Surridge,eng ENG,FWDF,Bournemouth,20,1998,0.1,0.00,0.00,0.00,0.00,0.00,0.00,0.00,,0.00,70.0,10.0,14.3,0.00,50.0,20.0,0.00,0.00,0.00,0.00,0.00,0.00,0.00,0.00,Matches
454,Alexander Sørloth\Alexander-Sorloth,no NOR,FWMF,Crystal Palace,22,1995,2.1,0.48,0.48,0.00,0.00,0.48,0.00,0.95,0.0,0.95,17.1,5.24,30.6,0.95,7.62,8.57,0.95,0.48,0.00,0.48,0.00,0.48,1.43,0.00,Matches
455,Matt Targett\Matt-Targett,eng ENG,DFMF,Southampton,22,1995,13.2,2.05,1.14,1.14,0.53,0.38,0.98,2.42,40.6,1.44,20.2,5.45,27.0,11.2,5.98,3.03,2.88,0.30,0.00,2.58,1.14,3.18,2.58,0.00,Matches
456,James Tarkowski\James-Tarkowski,eng ENG,DF,Burnley,25,1992,34.3,2.07,1.14,1.46,0.58,0.03,0.79,1.60,49.1,0.82,7.35,2.45,33.3,4.84,2.33,0.17,2.77,1.75,0.12,1.02,0.99,3.06,7.55,0.09,Matches
457,Charlie Taylor\Charlie-Taylor,eng ENG,DF,Burnley,24,1993,36.0,1.56,0.94,1.08,0.44,0.03,0.69,1.39,50.0,0.69,14.1,3.56,25.3,8.78,4.28,1.00,3.47,1.06,0.00,2.42,1.00,2.56,3.08,0.03,Matches
458,Youri Tielemans\Youri-Tielemans,be BEL,MF,Leicester City,21,1997,12.1,1.16,0.91,0.41,0.66,0.08,0.08,1.24,6.7,1.16,17.9,5.37,30.1,4.71,8.60,4.55,1.57,0.17,0.00,1.40,0.33,1.49,1.24,0.00,Matches
459,James Tomkins\James-Tomkins,eng ENG,DF,Crystal Palace,29,1989,28.4,1.58,0.99,1.27,0.25,0.07,0.67,1.23,54.3,0.56,7.04,2.43,34.5,5.32,1.44,0.28,1.27,0.49,0.00,0.77,0.60,2.18,7.22,0.07,Matches
460,Lucas Torreira\Lucas-Torreira,uy URU,MF,Arsenal,22,1996,26.5,2.15,1.74,0.91,0.98,0.26,0.83,2.19,37.9,1.36,21.7,5.43,25.0,8.19,11.1,2.42,1.47,0.26,0.00,1.21,1.43,3.58,1.55,0.00,Matches
461,Cenk Tosun\Cenk-Tosun,tr TUR,FW,Everton,27,1991,11.8,1.10,0.93,0.42,0.59,0.08,0.34,0.93,36.4,0.59,20.3,6.78,33.5,0.85,8.22,11.2,0.68,0.00,0.00,0.68,0.51,1.61,0.17,0.00,Matches
462,Andros Townsend\Andros-Townsend,eng ENG,FWMF,Crystal Palace,27,1991,33.4,1.80,1.17,0.87,0.69,0.24,0.72,2.54,28.2,1.83,21.3,4.67,21.9,7.46,8.62,5.27,1.89,0.12,0.00,1.77,1.08,2.87,0.54,0.00,Matches
463,Adama Traoré\Adama-Traore,es ESP,FWDF,Wolves,22,1996,10.0,1.60,0.80,0.90,0.50,0.20,0.20,0.60,33.3,0.40,15.0,3.50,23.3,4.40,7.00,3.60,1.00,0.00,0.00,1.00,0.60,2.20,0.80,0.00,Matches
464,Mark Travers\Mark-Travers,ie IRL,GK,Bournemouth,19,1999,2.0,0.00,0.00,0.00,0.00,0.00,0.00,0.00,,0.00,0.00,0.00,,0.00,0.00,0.00,0.00,0.00,0.00,0.00,0.00,0.00,0.00,0.00,Matches
465,Kieran Trippier\Kieran-Trippier,eng ENG,DF,Tottenham,27,1990,25.3,2.61,1.50,1.62,0.51,0.47,1.03,2.13,48.1,1.11,16.8,5.45,32.5,9.09,5.18,2.49,2.17,0.20,0.04,1.98,1.23,3.83,2.65,0.08,Matches
466,Antonio Valencia\Antonio-Valencia,ec ECU,DFMF,Manchester Utd,32,1985,5.2,1.92,0.77,0.38,0.96,0.58,0.96,1.54,62.5,0.58,14.8,5.00,33.8,5.38,6.73,2.69,2.69,0.00,0.00,2.69,1.15,3.08,1.35,0.00,Matches
467,Yan Valery\Yan-Valery,fr FRA,DFMF,Southampton,19,1999,19.0,2.63,1.42,1.47,0.74,0.42,0.89,1.74,51.5,0.84,24.9,6.00,24.1,12.8,8.21,3.95,2.68,0.16,0.00,2.53,0.68,3.32,2.53,0.05,Matches
468,Jamie Vardy\Jamie-Vardy,eng ENG,FW,Leicester City,31,1987,30.3,0.66,0.43,0.13,0.26,0.26,0.10,0.46,21.4,0.36,19.3,4.32,22.4,1.19,9.41,8.75,0.83,0.13,0.00,0.69,0.10,0.76,0.92,0.00,Matches
469,Jan Vertonghen\Jan-Vertonghen,be BEL,DF,Tottenham,31,1987,21.2,1.89,1.46,0.99,0.75,0.14,0.42,0.99,42.9,0.57,7.36,2.50,34.0,4.39,2.50,0.47,1.70,0.61,0.05,1.08,1.04,2.92,4.39,0.14,Matches
470,Jannik Vestergaard\Jannik-Vestergaard,dk DEN,DF,Southampton,25,1992,22.5,2.44,1.47,1.56,0.80,0.09,1.11,2.27,49.0,1.16,10.5,3.33,31.8,6.89,3.11,0.49,2.00,0.93,0.00,1.07,1.20,3.64,7.33,0.18,Matches
471,Luciano Vietto\Luciano-Vietto,ar ARG,FWMF,Fulham,24,1993,11.0,1.36,1.09,0.36,0.64,0.36,0.36,1.27,28.6,0.91,19.1,4.91,25.7,3.00,9.27,6.82,0.91,0.00,0.00,0.91,0.55,1.91,0.27,0.00,Matches
472,Rúben Vinagre\Ruben-Vinagre,pt POR,DFMF,Wolves,19,1999,7.9,1.52,0.89,1.14,0.25,0.13,0.00,0.25,0.0,0.25,15.2,3.80,25.0,7.47,6.08,1.65,1.65,0.38,0.00,1.27,2.15,3.67,1.39,0.00,Matches
473,Sam Vokes\Sam-Vokes,wal WAL,FW,Burnley,28,1989,10.2,0.49,0.00,0.10,0.20,0.20,0.00,0.00,,0.00,12.3,2.65,21.6,0.39,6.08,5.78,0.69,0.29,0.00,0.39,0.10,0.59,1.57,0.00,Matches
474,Michel Vorm\Michel-Vorm,nl NED,GK,Tottenham,34,1983,2.0,0.00,0.00,0.00,0.00,0.00,0.00,0.00,,0.00,0.00,0.00,,0.00,0.00,0.00,0.00,0.00,0.00,0.00,0.00,0.00,0.00,0.00,Matches
475,Matěj Vydra\Matej-Vydra,cz CZE,FWMF,Burnley,26,1992,3.5,1.14,0.86,0.29,0.57,0.29,0.00,1.43,0.0,1.43,22.6,4.00,17.7,2.00,11.4,9.14,1.14,0.29,0.29,0.86,0.86,2.00,0.57,0.00,Matches
476,Theo Walcott\Theo-Walcott,eng ENG,FWMF,Everton,29,1989,23.5,1.11,0.60,0.55,0.21,0.34,0.55,1.15,48.1,0.60,14.9,3.87,26.0,5.36,6.38,3.15,1.06,0.09,0.00,0.98,0.60,1.70,0.55,0.00,Matches
477,Kyle Walker\Kyle-Walker,eng ENG,DF,Manchester City,28,1990,30.9,1.49,1.00,0.78,0.61,0.10,0.78,1.39,55.8,0.61,11.2,3.27,29.2,5.50,4.40,1.29,1.23,0.13,0.03,1.10,0.55,2.04,2.20,0.00,Matches
478,Kyle Walker-Peters\Kyle-Walker-Peters,eng ENG,DF,Tottenham,21,1997,4.2,1.43,0.48,0.71,0.48,0.24,0.95,1.67,57.1,0.71,14.8,3.81,25.8,9.05,3.57,2.14,1.43,0.24,0.00,1.19,1.19,2.62,0.95,0.00,Matches
479,Aaron Wan-Bissaka\Aaron-Wan-Bissaka,eng ENG,DF,Crystal Palace,20,1997,34.8,3.85,1.72,2.82,0.86,0.17,1.09,1.58,69.1,0.49,20.5,4.80,23.4,15.1,3.94,1.52,2.96,0.55,0.00,2.41,2.18,6.03,4.40,0.03,Matches
480,Victor Wanyama\Victor-Wanyama,ke KEN,MF,Tottenham,27,1991,5.7,3.68,2.46,2.11,1.40,0.18,1.58,2.81,56.3,1.23,18.8,5.44,29.0,6.14,11.2,1.40,2.28,0.53,0.00,1.75,1.40,5.09,1.93,0.00,Matches
481,Danny Ward\Danny-Ward,eng ENG,FW,Cardiff City,26,1991,4.9,0.20,0.20,0.00,0.00,0.20,0.00,0.82,0.0,0.82,23.7,4.08,17.2,1.43,13.3,8.98,1.84,0.20,0.00,1.63,0.20,0.41,1.84,0.00,Matches
482,Joel Ward\Joel-Ward,eng ENG,DF,Crystal Palace,28,1989,6.1,2.13,1.31,1.31,0.66,0.16,0.66,1.64,40.0,0.98,13.1,3.11,23.8,8.03,4.26,0.82,3.11,0.16,0.00,2.95,0.98,3.11,4.75,0.16,Matches
483,Stephen Ward\Stephen-Ward,ie IRL,DF,Burnley,32,1985,2.5,0.80,0.80,0.40,0.00,0.40,0.40,0.80,50.0,0.40,6.40,2.40,37.5,2.40,2.80,1.20,2.00,0.40,0.00,1.60,0.40,1.20,3.20,0.00,Matches
484,James Ward-Prowse\James-Ward-Prowse,eng ENG,MFDF,Southampton,23,1994,21.6,1.99,1.02,1.16,0.65,0.19,0.93,2.82,32.8,1.90,28.5,7.59,26.7,9.58,12.8,6.11,1.57,0.32,0.05,1.25,0.93,2.92,1.85,0.05,Matches
485,Danny Welbeck\Danny-Welbeck,eng ENG,FWMF,Arsenal,27,1990,1.7,1.76,1.76,0.00,1.76,0.00,0.59,2.35,25.0,1.76,26.5,4.71,17.8,4.12,14.7,7.65,2.35,0.00,0.00,2.35,0.59,2.35,0.59,0.00,Matches
486,Ashley Westwood\Ashley-Westwood,eng ENG,MF,Burnley,28,1990,31.4,2.01,1.27,0.64,1.08,0.29,0.45,1.53,29.2,1.08,22.5,5.45,24.2,8.22,10.8,3.50,1.78,0.35,0.00,1.43,0.99,2.99,1.43,0.00,Matches
487,Connor Wickham\Connor-Wickham,eng ENG,FW,Crystal Palace,25,1993,0.7,0.00,0.00,0.00,0.00,0.00,0.00,0.00,,0.00,38.6,2.86,7.4,2.86,21.4,14.3,1.43,1.43,0.00,0.00,0.00,0.00,2.86,0.00,Matches
488,Georginio Wijnaldum\Georginio-Wijnaldum,nl NED,MF,Liverpool,27,1990,30.3,1.42,1.06,0.43,0.73,0.26,0.40,0.89,44.4,0.50,15.7,4.59,29.1,5.25,7.99,2.51,0.96,0.23,0.00,0.73,0.86,2.28,0.73,0.00,Matches
489,Danny Williams\Danny-Williams,us USA,MF,Huddersfield,29,1989,1.1,0.91,0.00,0.91,0.00,0.00,0.00,0.91,0.0,0.91,22.7,7.27,32.0,6.36,12.7,3.64,0.91,0.91,0.00,0.00,3.64,4.55,0.91,0.00,Matches
490,Willian\Willian,br BRA,FW,Chelsea,29,1988,23.3,1.59,1.07,0.52,0.64,0.43,0.30,1.29,23.3,0.99,22.2,6.22,28.0,4.25,10.9,7.04,0.90,0.04,0.00,0.86,0.52,2.10,0.30,0.00,Matches
491,Joe Willock\Joe-Willock,eng ENG,MF,Arsenal,18,1999,0.7,1.43,0.00,0.00,1.43,0.00,0.00,0.00,,0.00,32.9,2.86,8.7,8.57,17.1,7.14,0.00,0.00,0.00,0.00,2.86,4.29,1.43,0.00,Matches
492,Ben Wilmot\Ben-Wilmot,eng ENG,MF,Watford,18,1999,0.3,0.00,0.00,0.00,0.00,0.00,0.00,3.33,0.0,3.33,26.7,6.67,25.0,10.0,16.7,0.00,13.3,6.67,3.33,6.67,0.00,0.00,0.00,0.00,Matches
493,Jack Wilshere\Jack-Wilshere,eng ENG,MF,West Ham,26,1992,4.4,1.14,0.91,0.00,0.45,0.68,0.45,1.36,33.3,0.91,17.3,4.09,23.7,4.32,10.0,2.95,1.14,0.23,0.00,0.91,0.23,1.36,0.45,0.00,Matches
494,Callum Wilson\Callum-Wilson,eng ENG,FW,Bournemouth,26,1992,28.1,0.39,0.32,0.18,0.11,0.11,0.04,0.43,8.3,0.39,21.8,5.20,23.8,1.71,11.6,8.51,0.43,0.11,0.00,0.32,0.04,0.43,0.50,0.00,Matches
495,Harry Winks\Harry-Winks,eng ENG,MF,Tottenham,22,1996,17.7,1.36,1.19,0.90,0.40,0.06,0.40,1.92,20.6,1.53,19.9,5.25,26.4,9.27,8.76,1.86,1.19,0.23,0.00,0.96,0.79,2.15,0.96,0.00,Matches
496,Chris Wood\Chris-Wood,nz NZL,FW,Burnley,26,1991,28.8,0.35,0.31,0.07,0.17,0.10,0.14,0.66,21.1,0.52,19.0,4.27,22.4,1.60,8.82,8.61,0.94,0.21,0.00,0.73,0.14,0.49,0.76,0.03,Matches
497,Granit Xhaka\Granit-Xhaka,ch SUI,MFDF,Arsenal,25,1992,27.8,2.23,1.37,1.15,0.94,0.14,0.90,2.45,36.8,1.55,15.9,4.86,30.5,5.58,8.42,1.94,1.22,0.29,0.00,0.94,0.86,3.09,2.27,0.04,Matches
498,Andriy Yarmolenko\Andriy-Yarmolenko,ua UKR,FWMF,West Ham,28,1989,5.1,0.39,0.39,0.20,0.00,0.20,0.00,0.98,0.0,0.98,17.8,4.12,23.1,5.10,8.43,4.31,1.76,0.20,0.00,1.57,0.20,0.59,0.20,0.00,Matches
499,DeAndre Yedlin\DeAndre-Yedlin,us USA,DF,Newcastle Utd,25,1993,27.5,1.89,0.98,1.38,0.40,0.11,0.73,1.85,39.2,1.13,20.3,5.02,24.7,12.1,6.40,1.82,2.76,0.51,0.00,2.25,0.91,2.80,2.51,0.00,Matches
500,Maya Yoshida\Maya-Yoshida,jp JPN,DF,Southampton,29,1988,16.9,1.12,0.59,0.59,0.47,0.06,0.30,1.07,27.8,0.77,7.40,2.37,32.0,4.67,2.66,0.06,2.66,1.36,0.00,1.30,1.78,2.90,6.57,0.12,Matches
501,Ashley Young\Ashley-Young,eng ENG,DF,Manchester Utd,33,1985,28.5,1.96,1.02,1.47,0.46,0.04,0.74,1.54,47.7,0.81,12.4,2.88,23.2,7.19,3.75,1.44,1.96,0.32,0.00,1.65,1.33,3.30,2.14,0.00,Matches
502,Pablo Zabaleta\Pablo-Zabaleta,ar ARG,DF,West Ham,33,1985,23.2,2.24,1.21,1.16,0.82,0.26,0.56,2.28,24.5,1.72,14.2,4.27,30.1,8.58,4.14,1.47,2.16,0.65,0.00,1.51,1.81,4.05,3.84,0.13,Matches
503,Wilfried Zaha\Wilfried-Zaha,ci CIV,FW,Crystal Palace,25,1992,33.7,1.28,0.98,0.42,0.62,0.24,0.42,1.04,40.0,0.62,22.2,5.37,24.2,4.60,11.4,6.20,0.92,0.06,0.00,0.86,0.36,1.63,0.06,0.00,Matches
504,Andre-Frank Zambo Anguissa\Andre-Frank-Zambo-Anguissa,cm CMR,MF,Fulham,22,1995,16.9,2.66,1.95,1.12,1.30,0.24,1.12,3.43,32.8,2.31,21.3,5.44,25.6,8.82,10.2,2.31,1.54,0.30,0.00,1.24,1.83,4.50,1.72,0.00,Matches
505,Davide Zappacosta\Davide-Zappacosta,it ITA,DF,Chelsea,26,1992,1.4,0.71,0.71,0.00,0.71,0.00,0.00,1.43,0.0,1.43,12.1,2.14,17.6,5.00,5.00,2.14,2.86,0.00,0.00,2.86,1.43,2.14,2.14,0.00,Matches
506,Oleksandr Zinchenko\Oleksandr-Zinchenko,ua UKR,DF,Manchester City,21,1996,12.8,2.42,1.25,1.09,1.09,0.23,1.02,2.81,36.1,1.80,14.1,4.61,32.6,5.70,5.63,2.81,1.41,0.23,0.00,1.17,1.33,3.75,2.19,0.00,Matches
507,Kenneth Zohore\Kenneth-Zohore,dk DEN,FW,Cardiff City,24,1994,8.4,0.36,0.12,0.00,0.36,0.00,0.00,0.24,0.0,0.24,21.5,4.76,22.1,0.36,10.1,11.1,0.95,0.24,0.00,0.71,0.00,0.36,0.60,0.00,Matches
508,Kurt Zouma\Kurt-Zouma,fr FRA,DF,Everton,23,1994,29.0,1.17,0.69,0.52,0.59,0.07,0.03,0.28,12.5,0.24,8.79,2.66,30.2,5.34,3.17,0.28,1.66,0.48,0.00,1.17,1.41,2.59,5.52,0.07,Matches