Rk,Player,Nation,Pos,Squad,Age,Born,90s,GA,PKA,FK,CK,OG,PSxG,PSxG/SoT,PSxG+/-,/90,Cmp,Att,Cmp%,Att,Thr,Launch%,AvgLen,Att,Launch%,AvgLen,Opp,Stp,Stp%,#OPA,#OPA/90,AvgDist,Matches
1,Igor Akinfeev\Igor-Akinfeev,ru RUS,GK,ru CSKA Moscow,32,1986,5.0,1.20,0.00,0.00,0.40,0.00,1.84,0.33,0.64,+0.63,9.60,27.4,35.0,25.0,4.60,75.2,54.8,10.4,82.7,67.7,12.6,0.80,6.3,0.20,0.20,2.26,Matches
2,Alisson\Alisson,br BRA,GK,eng Liverpool,25,1992,13.0,0.92,0.00,0.08,0.15,0.08,1.24,0.30,0.39,+0.39,4.69,10.9,43.0,27.7,5.69,27.2,32.3,6.62,51.2,44.4,6.69,0.62,9.2,0.85,0.85,1.33,Matches
3,Alphonse Areola\Alphonse-Areola,fr FRA,GK,fr Paris S-G,25,1993,3.0,2.00,0.33,0.00,0.33,0.00,1.43,0.23,-0.57,-0.57,4.33,6.33,68.4,23.3,3.67,18.6,26.2,6.00,33.3,36.0,7.67,0.33,4.3,0.00,0.00,3.00,Matches
4,Loic Badiashile\Loic-Badiashile,fr FRA,GK,fr Monaco,20,1998,1.0,1.00,0.00,0.00,0.00,0.00,1.80,0.36,0.80,+0.81,10.0,21.0,47.6,20.0,1.00,60.0,45.5,10.0,90.0,65.8,12.0,2.00,16.7,0.00,0.00,15.3,Matches
5,David von Ballmoos\David-von-Ballmoos,ch SUI,GK,ch Young Boys,23,1994,4.0,2.50,0.25,0.00,0.00,0.00,2.05,0.38,-0.45,-0.46,11.0,27.3,40.4,29.3,4.00,64.1,45.3,9.00,94.4,66.3,9.50,0.50,5.3,1.00,1.00,3.73,Matches
6,Vasilios Barkas\Vasilios-Barkas,gr GRE,GK,gr AEK Athens,24,1994,6.0,2.17,0.33,0.17,0.50,0.00,2.42,0.33,0.25,+0.25,11.3,25.8,43.9,26.2,2.67,72.0,50.1,9.00,77.8,54.5,12.0,1.67,13.9,0.17,0.17,2.02,Matches
7,Oliver Baumann\Oliver-Baumann,de GER,GK,de Hoffenheim,28,1990,6.0,2.33,0.00,0.17,0.33,0.00,2.17,0.29,-0.17,-0.17,6.67,16.8,39.6,27.3,4.67,41.5,35.1,9.00,61.1,48.3,7.33,0.50,6.8,1.00,1.00,2.80,Matches
8,Diego Benaglio\Diego-Benaglio,ch SUI,GK,fr Monaco,34,1983,4.5,2.22,0.22,0.00,0.22,0.00,1.87,0.45,-0.36,-0.37,4.22,8.67,48.7,18.9,4.00,32.9,31.4,7.78,31.4,35.6,5.78,0.22,3.8,0.67,0.67,3.87,Matches
9,Milan Borjan\Milan-Borjan,ca CAN,GK,rs Red Star,30,1987,6.0,2.83,0.17,0.33,0.17,0.00,2.78,0.27,-0.05,-0.04,8.67,24.2,35.9,25.3,3.67,63.8,47.9,11.0,72.7,56.3,10.8,1.00,9.2,0.50,0.50,2.32,Matches
10,Gianluigi Buffon\Gianluigi-Buffon,it ITA,GK,fr Paris S-G,40,1978,5.0,1.20,0.60,0.00,0.00,0.00,1.08,0.26,-0.12,-0.13,3.40,11.6,29.3,18.2,3.60,35.2,32.3,7.40,70.3,50.0,7.40,0.00,0.0,0.60,0.60,2.78,Matches
11,Roman Bürki\Roman-Burki,ch SUI,GK,de Dortmund,27,1990,7.0,0.86,0.00,0.00,0.14,0.00,0.94,0.29,0.09,+0.08,5.00,12.9,38.9,28.0,5.14,35.2,35.5,5.86,51.2,42.2,8.14,0.14,1.8,0.57,0.57,2.14,Matches
12,Iker Casillas\Iker-Casillas,es ESP,GK,pt Porto,37,1981,10.3,1.46,0.29,0.00,0.19,0.00,1.25,0.31,-0.20,-0.20,7.77,18.3,42.3,29.0,2.91,47.5,40.1,7.28,62.7,49.0,7.77,0.78,10.0,0.78,0.77,1.62,Matches
13,Jasper Cillessen\Jasper-Cillessen,nl NED,GK,es Barcelona,29,1989,1.0,1.00,0.00,0.00,0.00,0.00,2.30,0.32,1.30,+1.27,8.00,13.0,61.5,33.0,11.0,36.4,32.3,5.00,20.0,39.2,7.00,1.00,14.3,0.00,0.00,10.7,Matches
14,Thibaut Courtois\Thibaut-Courtois,be BEL,GK,es Real Madrid,26,1992,5.0,1.60,0.00,0.20,0.20,0.00,1.76,0.31,0.16,+0.15,7.00,17.2,40.7,26.8,6.20,47.8,42.1,8.80,50.0,49.2,6.60,0.40,6.1,0.40,0.40,3.02,Matches
15,Jaume Doménech\Jaume-Domenech,es ESP,GK,es Valencia,27,1990,1.0,1.00,0.00,0.00,0.00,0.00,1.30,0.27,0.30,+0.33,5.00,11.0,45.5,18.0,3.00,38.9,38.4,8.00,50.0,40.4,11.0,1.00,9.1,1.00,1.00,15.7,Matches
16,Ederson\Ederson,br BRA,GK,eng Manchester City,24,1993,10.0,1.20,0.30,0.00,0.10,0.00,1.01,0.27,-0.19,-0.19,4.10,6.90,59.4,23.1,3.80,19.9,28.9,4.80,47.9,45.5,3.80,0.20,5.3,1.30,1.30,2.03,Matches
17,Ralf Fährmann\Ralf-Fahrmann,de GER,GK,de Schalke 04,29,1988,6.0,2.33,0.33,0.17,0.50,0.00,2.08,0.38,-0.25,-0.25,4.83,13.3,36.3,20.2,4.33,45.5,39.8,6.33,65.8,49.9,5.17,0.17,3.2,0.00,0.00,2.07,Matches
18,Paulo Gazzaniga\Paulo-Gazzaniga,ar ARG,GK,eng Tottenham,26,1992,1.0,1.00,0.00,0.00,1.00,0.00,0.80,0.20,-0.20,-0.19,2.00,5.00,40.0,25.0,6.00,12.0,27.3,3.00,66.7,53.7,5.00,0.00,0.0,0.00,0.00,17.4,Matches
19,David de Gea\David-de-Gea,es ESP,GK,eng Manchester Utd,27,1990,9.0,1.00,0.00,0.00,0.11,0.11,0.97,0.28,0.08,+0.08,6.89,13.9,49.6,15.3,3.78,52.2,43.6,8.00,73.6,57.3,8.44,0.33,3.9,0.00,0.00,1.12,Matches
20,Mathieu Gorgelin\Mathieu-Gorgelin,fr FRA,GK,fr Lyon,27,1990,0.6,5.00,0.00,0.00,0.00,0.00,3.17,0.48,-1.83,-1.69,6.67,11.7,57.1,25.0,3.33,33.3,34.5,6.67,50.0,36.5,3.33,0.00,0.0,0.00,0.00,25.0,Matches
21,Samir Handanović\Samir-Handanovic,si SVN,GK,it Inter,34,1984,6.0,1.17,0.00,0.00,0.00,0.00,1.72,0.24,0.55,+0.55,5.83,11.7,50.0,26.8,6.67,28.0,29.8,7.17,58.1,43.2,7.00,0.33,4.8,0.33,0.33,2.35,Matches
22,Marwin Hitz\Marwin-Hitz,ch SUI,GK,de Dortmund,30,1987,1.0,0.00,0.00,0.00,0.00,0.00,0.00,,0.00,0.00,1.00,5.00,20.0,29.0,4.00,10.3,26.1,4.00,50.0,38.5,12.0,2.00,16.7,1.00,1.00,17.3,Matches
23,Ethan Horvath\Ethan-Horvath,us USA,GK,be Club Brugge,23,1995,3.0,0.00,0.00,0.00,0.00,0.00,0.67,0.18,0.67,+0.67,7.33,23.0,31.9,22.3,5.00,65.7,46.1,9.67,86.2,58.6,10.0,0.33,3.3,0.33,0.33,4.67,Matches
24,Aleš Hruška\Ales-Hruska,cz CZE,GK,cz Viktoria Plzeň,32,1985,4.0,2.25,0.25,0.00,0.75,0.00,1.93,0.31,-0.33,-0.32,14.3,27.5,51.8,28.0,6.25,64.3,45.9,11.5,82.6,57.8,11.5,0.50,4.3,0.25,0.25,3.30,Matches
25,Matúš Kozáčik\Matus-Kozacik,sk SVK,GK,cz Viktoria Plzeň,34,1983,2.0,3.50,0.50,0.00,0.50,0.00,3.35,0.31,-0.15,-0.14,7.00,23.0,30.4,29.5,7.00,66.1,42.8,5.50,63.6,44.7,8.50,1.00,11.8,0.00,0.00,6.40,Matches
26,Georgii Kyrnats\Georgii-Kyrnats,ru RUS,GK,ru CSKA Moscow,20,1998,0.0,0,0,0,0,0,0.0,,0.0,0.00,0,0,,0,0,,,0,,,0,0,,0,,,Matches
27,Karlo Letica\Karlo-Letica,hr CRO,GK,be Club Brugge,21,1997,3.0,1.67,0.00,0.00,0.33,0.00,1.17,0.27,-0.50,-0.51,7.67,16.0,47.9,17.3,4.00,55.8,46.8,8.33,76.0,57.4,7.00,0.33,4.8,0.00,0.00,3.20,Matches
28,Hugo Lloris\Hugo-Lloris,fr FRA,GK,eng Tottenham,31,1986,10.9,1.38,0.09,0.00,0.18,0.00,1.32,0.30,-0.06,-0.06,7.52,15.1,49.7,27.6,4.22,38.9,35.6,7.43,59.3,46.1,6.42,0.55,8.6,0.46,0.46,1.41,Matches
29,Anthony Lopes\Anthony-Lopes,pt POR,GK,fr Lyon,27,1990,7.4,1.76,0.14,0.00,0.14,0.00,1.96,0.28,0.20,+0.20,6.35,16.9,37.6,22.0,3.92,48.5,41.3,9.05,68.7,53.5,10.0,0.27,2.7,0.54,0.54,1.84,Matches
30,Guilherme Marinato\Guilherme-Marinato,ru RUS,GK,ru Loko Moscow,32,1985,6.0,2.00,0.33,0.17,0.50,0.00,1.27,0.19,-0.73,-0.73,8.50,20.8,40.8,24.0,5.00,63.9,45.5,6.67,82.5,55.7,8.33,1.67,20.0,0.67,0.67,2.50,Matches
31,Antonio Mirante\Antonio-Mirante,it ITA,GK,it Roma,35,1983,2.0,1.50,0.00,0.00,0.00,0.00,1.25,0.36,-0.25,-0.26,4.00,10.0,40.0,22.5,3.50,22.2,27.2,7.00,71.4,48.5,7.00,0.50,7.1,1.00,1.00,8.90,Matches
32,Fernando Muslera\Fernando-Muslera,uy URU,GK,tr Galatasaray,32,1986,6.0,1.33,0.17,0.00,0.33,0.17,1.82,0.44,0.65,+0.65,7.33,18.5,39.6,28.0,4.33,50.0,41.7,8.00,56.3,48.4,7.50,0.50,6.7,0.67,0.67,2.32,Matches
33,Keylor Navas\Keylor-Navas,cr CRC,GK,es Real Madrid,31,1986,3.0,0.67,0.00,0.00,0.00,0.00,0.83,0.28,0.17,+0.17,4.00,6.33,63.2,18.3,3.33,18.2,29.7,5.33,56.3,45.9,6.00,0.33,5.6,1.00,1.00,7.17,Matches
34,Neto\Neto,br BRA,GK,es Valencia,29,1989,5.0,1.00,0.60,0.00,0.00,0.00,1.88,0.33,0.88,+0.89,5.60,14.4,38.9,15.2,5.20,59.2,43.8,8.00,67.5,53.3,11.4,0.80,7.0,0.20,0.20,2.58,Matches
35,Manuel Neuer\Manuel-Neuer,de GER,GK,de Bayern Munich,32,1986,8.0,1.00,0.13,0.00,0.13,0.00,1.19,0.29,0.19,+0.19,7.88,15.9,49.6,36.3,5.63,36.6,33.8,6.25,42.0,40.3,6.75,0.25,3.7,0.63,0.63,1.76,Matches
36,Alexander Nübel\Alexander-Nubel,de GER,GK,de Schalke 04,21,1996,2.0,0.00,0.00,0.00,0.00,0.00,0.30,0.19,0.30,+0.28,5.00,13.0,38.5,19.0,3.50,44.7,41.1,7.00,64.3,51.2,3.50,1.00,28.6,0.50,0.50,6.95,Matches
37,Jan Oblak\Jan-Oblak,si SVN,GK,es Atlético Madrid,25,1993,8.0,1.13,0.13,0.00,0.00,0.00,0.90,0.33,-0.23,-0.23,5.00,14.3,35.1,12.8,1.00,57.8,43.5,7.38,93.2,61.4,7.75,0.88,11.3,0.13,0.13,1.64,Matches
38,Robin Olsen\Robin-Olsen,se SWE,GK,it Roma,28,1990,6.3,1.43,0.16,0.16,0.16,0.00,1.89,0.30,0.46,+0.46,6.51,16.3,39.8,26.5,6.67,39.5,36.3,8.89,66.1,52.2,9.37,0.95,10.2,0.16,0.16,2.21,Matches
39,André Onana\Andre-Onana,cm CMR,GK,nl Ajax,22,1996,12.0,1.08,0.08,0.00,0.17,0.00,1.47,0.35,0.38,+0.38,4.25,15.8,27.0,25.5,4.33,44.4,38.6,7.25,60.9,51.3,6.58,0.83,12.7,0.42,0.42,1.18,Matches
40,David Ospina\David-Ospina,co COL,GK,it Napoli,29,1988,6.0,0.83,0.00,0.00,0.00,0.17,0.83,0.24,0.17,+0.16,6.33,16.0,39.6,28.8,5.00,41.0,35.8,6.83,61.0,46.7,7.33,0.50,6.8,0.67,0.67,2.33,Matches
41,Ilya Pomazun\Ilya-Pomazun,ru RUS,GK,ru CSKA Moscow,21,1996,1.0,3.00,0.00,0.00,0.00,0.00,3.80,0.29,0.80,+0.80,2.00,23.0,8.7,28.0,11.0,50.0,47.3,10.0,90.0,61.7,9.00,1.00,11.1,1.00,1.00,14.5,Matches
42,Andriy Pyatov\Andriy-Pyatov,ua UKR,GK,ua Shakhtar,34,1984,6.0,2.67,0.33,0.00,0.33,0.00,2.28,0.35,-0.38,-0.38,8.17,18.0,45.4,30.7,7.50,41.3,37.1,9.67,55.2,46.3,10.5,2.00,19.0,0.83,0.83,2.63,Matches
43,Sergio Romero\Sergio-Romero,ar ARG,GK,eng Manchester Utd,31,1987,1.0,2.00,0.00,0.00,0.00,1.00,1.30,0.32,0.30,+0.26,10.0,22.0,45.5,21.0,3.00,66.7,43.3,11.0,72.7,54.6,9.00,0.00,0.0,0.00,0.00,14.0,Matches
44,Danijel Subašić\Danijel-Subasic,hr CRO,GK,fr Monaco,33,1984,0.5,6.00,0.00,0.00,0.00,0.00,2.60,0.25,-3.40,-3.40,2.00,14.0,14.3,14.0,0.00,85.7,68.6,8.00,25.0,32.0,2.00,0.00,0.0,0.00,0.00,20.0,Matches
45,Wojciech Szczęsny\Wojciech-Szczesny,pl POL,GK,it Juventus,28,1990,10.0,0.90,0.10,0.10,0.20,0.10,0.97,0.26,0.17,+0.17,7.40,13.7,54.0,21.7,3.60,42.9,39.3,7.20,61.1,50.3,6.90,0.20,2.9,0.90,0.90,1.40,Matches
46,Marc-André ter Stegen\Marc-Andre-ter-Stegen,de GER,GK,es Barcelona,26,1992,11.0,0.82,0.00,0.00,0.27,0.00,0.94,0.28,0.12,+0.12,6.73,12.1,55.6,27.3,5.36,31.3,32.5,6.82,52.0,42.1,8.45,0.55,6.5,0.27,0.27,1.25,Matches
47,Odisseas Vlachodimos\Odisseas-Vlachodimos,gr GRE,GK,pt Benfica,24,1994,6.0,1.83,0.00,0.00,0.50,0.00,1.98,0.33,0.15,+0.14,7.00,16.7,42.0,24.8,4.17,55.7,43.8,5.50,51.5,46.6,3.67,0.67,18.2,0.67,0.67,2.80,Matches
48,Michel Vorm\Michel-Vorm,nl NED,GK,eng Tottenham,34,1983,1.1,2.73,0.00,0.00,0.91,0.00,1.36,0.30,-1.36,-1.33,4.55,10.9,41.7,31.8,10.9,20.0,28.2,16.4,27.8,39.2,11.8,1.82,15.4,0.00,0.00,10.7,Matches
49,Marco Wölfli\Marco-Wolfli,ch SUI,GK,ch Young Boys,35,1982,2.0,1.00,0.00,0.00,0.00,0.00,1.75,0.35,0.75,+0.73,16.0,29.5,54.2,29.0,4.50,69.0,52.8,10.0,95.0,61.7,13.0,1.00,7.7,0.00,0.00,6.65,Matches
50,Jeroen Zoet\Jeroen-Zoet,nl NED,GK,nl PSV Eindhoven,27,1991,6.0,2.17,0.00,0.17,0.00,0.00,2.37,0.28,0.20,+0.20,9.17,23.2,39.6,21.5,4.17,62.8,47.6,12.2,79.5,61.7,15.0,1.00,6.7,0.17,0.17,1.85,Matches