Atlanta,27,54.8,23.0,643.1,68.0,220.9,316.0,149.7,18.7,597.7,10.9,17.7,61.4,11.6,0.52,451.0,2400.2,1264.9,45.1,13.6,2.70,12.4,11.2,509.6,455.2,89.3,39.0
Chicago,25,51.0,23.0,605.3,65.8,206.7,282.2,151.2,25.3,555.9,10.3,16.9,61.3,11.1,0.30,385.7,1848.8,1013.2,38.5,12.0,3.83,12.9,11.6,447.4,387.9,86.7,41.5
Colorado,22,52.0,18.0,625.9,65.8,206.5,300.8,162.6,21.9,584.0,10.5,18.3,57.3,11.7,0.44,407.8,2223.8,1217.6,51.6,15.2,4.78,9.56,10.3,479.5,427.0,89.1,38.7
Columbus,26,52.2,23.0,607.1,61.7,190.4,289.1,164.6,22.0,560.7,10.3,15.6,66.5,10.9,0.61,393.9,1929.8,1024.0,40.0,13.8,3.74,11.7,10.7,469.6,408.2,86.9,40.0
D.C. United,26,46.0,23.0,581.4,68.1,221.7,270.8,121.7,15.5,533.4,6.87,11.6,59.4,7.52,0.39,349.1,1545.8,816.0,28.6,9.78,1.87,11.7,12.0,425.3,366.0,86.0,33.5
FC Cincinnati,30,49.3,23.0,609.1,68.7,256.2,278.5,111.6,14.3,561.7,8.30,14.4,57.5,9.17,0.57,390.6,1909.9,1011.8,36.3,10.5,3.30,14.9,10.3,468.9,413.8,88.3,27.1
FC Dallas,27,51.4,22.0,615.8,77.5,238.7,277.3,138.6,23.5,568.8,9.18,16.3,56.4,10.0,0.36,390.9,2087.5,1167.1,43.0,12.1,4.00,12.9,10.4,460.7,402.9,87.4,36.5
Houston,26,48.5,23.0,604.3,70.8,219.9,260.6,162.9,24.7,556.5,8.17,14.6,56.0,8.78,0.52,376.8,1933.7,1136.8,43.1,12.3,4.87,12.0,11.3,456.1,394.0,86.4,41.4
LA Galaxy,25,45.0,22.0,548.4,56.5,175.9,247.4,156.9,22.8,502.5,9.73,16.9,57.5,10.5,0.27,335.6,1636.5,851.4,35.6,11.1,4.41,12.4,11.3,398.5,339.7,85.2,38.1
Los Angeles FC,28,58.6,22.0,691.8,51.9,177.0,334.1,222.8,32.1,640.7,13.2,23.2,57.1,14.0,1.14,457.5,2197.9,1235.1,55.4,17.0,5.64,17.1,17.5,528.0,453.9,86.0,57.8
Miami,28,47.1,23.0,551.2,48.6,168.1,257.8,159.3,24.6,502.9,9.65,17.2,56.2,10.3,0.43,333.9,1849.7,1004.9,39.3,11.7,3.74,13.1,12.8,400.6,346.6,86.5,43.7
Minnesota,28,47.3,21.0,594.2,61.5,185.8,270.1,173.0,22.4,547.3,10.8,17.9,60.1,11.6,0.81,357.0,1713.0,924.0,38.3,12.9,3.95,13.2,11.7,434.2,373.9,86.1,40.4
Montreal,26,48.0,23.0,587.9,69.0,200.6,277.3,147.8,19.7,540.8,10.5,16.6,63.4,11.4,0.30,381.9,1992.5,1003.3,39.8,11.7,4.57,12.8,12.6,446.7,390.5,87.4,35.6
Nashville,26,44.5,23.0,564.2,61.0,191.0,273.9,133.0,18.4,521.3,8.96,15.5,57.9,9.70,0.61,342.3,1669.3,887.3,33.9,11.6,3.39,10.7,11.6,415.7,360.9,86.8,35.2
New England,25,51.2,23.0,608.2,55.7,180.8,290.8,169.5,25.6,554.4,10.2,17.1,59.5,11.0,0.91,363.5,1763.4,906.6,37.1,11.5,3.96,14.6,15.0,449.5,380.9,84.7,44.8
NY Red Bulls,27,45.7,23.0,566.5,48.8,153.7,258.2,181.8,21.8,513.6,9.30,17.0,54.6,9.96,1.00,320.2,1443.7,765.6,35.3,10.4,2.48,12.6,13.0,404.7,320.1,79.1,41.4
NYCFC,22,56.0,23.0,654.1,65.4,212.1,297.0,187.2,30.0,604.5,8.48,14.9,56.9,9.09,0.91,410.9,2178.7,1175.4,49.3,15.5,4.52,13.3,13.2,499.0,432.4,86.7,43.7
Orlando City,28,50.3,23.0,596.6,64.1,204.2,284.4,142.8,21.1,551.4,8.48,14.5,58.4,9.09,0.61,376.7,1865.4,986.9,37.8,12.2,4.26,12.2,12.3,449.5,395.6,88.0,39.5
Philadelphia,23,47.9,23.0,570.4,60.6,180.5,259.1,164.8,23.7,522.7,9.43,15.3,61.5,10.2,0.52,344.7,1784.3,933.3,37.6,11.9,3.70,11.3,12.3,415.6,352.0,84.7,40.9
Portland,27,46.5,23.0,587.1,73.7,215.7,265.5,142.6,23.1,540.6,9.70,16.3,59.3,10.5,0.30,362.3,1925.0,1051.4,37.3,11.6,3.52,11.8,12.6,435.1,374.8,86.1,42.5
Real Salt Lake,26,52.3,22.0,602.5,59.4,205.0,289.0,146.2,22.5,554.5,10.3,15.8,65.4,10.5,0.45,381.1,1879.4,963.5,36.9,12.0,3.18,12.1,12.1,445.5,387.8,87.1,35.8
San Jose,27,55.7,23.0,623.9,73.3,227.5,281.2,157.3,22.1,576.1,9.83,17.8,55.3,10.7,0.91,414.7,2187.4,1186.7,45.0,12.6,4.22,11.6,12.6,483.9,423.9,87.6,39.6
Seattle,27,54.5,22.0,667.3,65.5,212.1,315.1,180.5,26.6,623.8,8.55,13.4,63.9,9.05,0.45,433.7,2100.9,1096.3,42.8,12.6,4.50,11.3,10.5,530.4,465.2,87.7,46.3
Sporting KC,23,49.7,21.0,597.9,53.5,177.3,269.0,194.9,29.2,548.9,11.8,20.0,58.7,12.5,0.71,375.1,2121.2,1226.5,50.3,15.6,5.52,12.6,13.0,436.6,383.5,87.8,41.3
Toronto FC,29,54.5,23.0,685.1,64.0,210.3,332.8,185.4,26.3,638.0,8.83,14.8,59.5,9.48,0.70,447.0,2168.9,1147.1,46.4,14.9,4.65,13.2,13.5,545.4,482.5,88.5,46.0
Vancouver,27,41.8,23.0,539.7,79.0,222.8,241.1,108.0,15.3,495.2,8.35,14.0,59.4,9.52,0.96,331.3,1662.0,847.2,27.4,8.35,2.48,12.0,11.2,396.8,343.3,86.5,32.8